0 103993447265625.0 109 1.0 1.0 nan 1.0 1.0 1.0 1.0 0.9166666666666666 0.5 0.8928571428571429 0.5454545454545454 0.3333333333333333 nan nan nan 
1 18499222412109.375 23 nan nan nan 1.0 1.0 nan 1.0 1.0 nan 0.7777777777777778 0.0 0.0 nan nan nan 
2 756052578125000.0 344 1.0 1.0 1.0 1.0 1.0 1.0 1.0 1.0 1.0 1.0 1.0 1.0 1.0 nan nan 
3 20616391601562.5 85 0.0 0.5 nan 0.6666666666666666 nan nan 1.0 1.0 nan 0.3333333333333333 0.2 0.3333333333333333 0.2222222222222222 0.1 0.0 
4 67820849609375.0 64 nan nan nan 1.0 nan 1.0 1.0 0.6666666666666666 0.3333333333333333 0.7 0.2727272727272727 0.25 nan 0.0 nan 
5 18050224609375.0 11 nan 1.0 nan nan 0.0 nan 0.75 0.0 nan 0.5 nan nan 1.0 nan nan 
6 175182011718750.0 277 0.5 1.0 1.0 1.0 1.0 1.0 1.0 0.8421052631578947 0.7894736842105263 0.9642857142857143 0.7872340425531915 0.3333333333333333 1.0 0.8461538461538461 0.16666666666666666 
7 31474702148437.5 86 nan nan nan 1.0 1.0 1.0 0.9473684210526315 0.6 0.5 0.8461538461538461 0.5714285714285714 0.3333333333333333 nan 1.0 nan 
8 12380202636718.75 11 1.0 nan nan nan 1.0 nan 1.0 1.0 nan 1.0 1.0 nan nan nan nan 
9 88636582031250.0 98 1.0 1.0 nan 0.875 1.0 1.0 1.0 0.7894736842105263 0.6666666666666666 1.0 0.42857142857142855 0.5 nan nan nan 
10 27617988281250.0 19 nan nan 1.0 0.0 0.0 nan 0.5 0.3333333333333333 nan 0.5714285714285714 0.0 nan nan nan nan 
11 154123710937500.0 230 nan 1.0 nan 1.0 1.0 1.0 1.0 1.0 1.0 0.9263157894736842 0.875 1.0 nan nan 0.5 
12 8208830566406.25 120 0.6666666666666666 1.0 nan 0.9230769230769231 1.0 1.0 0.9130434782608695 0.8571428571428571 1.0 0.9696969696969697 0.9 0.3333333333333333 0.875 1.0 1.0 
13 103804384765625.0 133 1.0 nan nan 1.0 1.0 1.0 1.0 0.8888888888888888 0.75 0.7777777777777778 0.46875 0.25 0.6666666666666666 0.5 nan 
15 249844960937500.0 152 1.0 1.0 1.0 0.9615384615384616 0.8333333333333334 0.75 0.9761904761904762 0.6111111111111112 0.625 0.875 0.5 0.0 1.0 1.0 nan 
16 142601855468750.0 137 1.0 1.0 nan 1.0 1.0 nan 0.9743589743589743 0.9428571428571428 1.0 1.0 0.75 1.0 nan nan nan 
17 10733402099609.375 22 nan nan nan nan 1.0 nan 1.0 0.0 nan 1.0 0.2857142857142857 0.0 nan nan nan 
18 146568505859375.0 88 1.0 1.0 nan 1.0 1.0 1.0 1.0 1.0 1.0 1.0 0.6666666666666666 0.5 nan nan nan 
19 19399882812500.0 21 nan nan nan 1.0 nan nan 0.0 0.0 nan 0.625 0.3333333333333333 0.0 0.0 nan 0.0 
20 89449687500000.0 79 nan nan 1.0 1.0 1.0 1.0 1.0 1.0 1.0 1.0 0.875 0.5 nan nan nan 
21 46399804687500.0 32 1.0 1.0 nan 1.0 1.0 nan 1.0 1.0 nan 0.8333333333333334 1.0 nan nan nan 1.0 
22 216435703125000.0 47 nan 1.0 nan 1.0 1.0 nan 1.0 1.0 nan 1.0 1.0 nan nan nan 0.0 
23 37979436035156.25 49 nan nan nan 1.0 1.0 0.8 1.0 1.0 0.2857142857142857 1.0 1.0 0.25 0.0 nan nan 
24 18667209472656.25 33 1.0 nan nan 1.0 1.0 nan 1.0 nan nan 1.0 0.8 0.0 nan nan nan 
25 114883544921875.0 329 1.0 1.0 nan 1.0 1.0 1.0 1.0 0.9636363636363636 1.0 0.953125 0.9454545454545454 1.0 nan nan 1.0 
26 75395571289062.5 17 nan 1.0 nan nan nan nan 1.0 0.5 0.0 0.8 nan nan nan nan nan 
27 277038339843750.0 1062 1.0 1.0 1.0 1.0 1.0 1.0 1.0 0.9852941176470589 0.9411764705882353 0.9869565217391304 0.94 1.0 0.9609756097560975 0.92 0.9333333333333333 
28 10447738037109.375 44 0.5 nan nan 1.0 1.0 0.0 nan 0.0 0.0 0.7692307692307693 0.0 0.0 1.0 nan nan 
29 71992192382812.5 54 1.0 nan nan 1.0 1.0 1.0 0.8571428571428571 1.0 0.5 0.8235294117647058 0.3333333333333333 0.0 0.6666666666666666 0.3333333333333333 0.0 
30 34524260253906.25 93 1.0 1.0 nan 1.0 1.0 1.0 1.0 1.0 0.75 0.8 0.75 0.14285714285714285 nan 1.0 nan 
31 181805859375000.0 94 1.0 1.0 nan 1.0 1.0 nan 1.0 1.0 1.0 0.9285714285714286 0.9090909090909091 1.0 nan nan nan 
32 80601904296875.0 39 nan 1.0 nan 1.0 1.0 0.0 0.5714285714285714 0.3333333333333333 1.0 0.6 0.42857142857142855 nan nan nan nan 
33 157384726562500.0 18 nan 1.0 nan nan 1.0 1.0 1.0 1.0 0.6666666666666666 nan nan nan nan nan nan 
34 178154375000000.0 140 1.0 1.0 nan 1.0 1.0 nan 1.0 1.0 1.0 0.9555555555555556 1.0 1.0 nan nan nan 
35 33426843261718.75 33 nan nan nan 1.0 1.0 0.0 1.0 0.5 0.0 1.0 1.0 nan 0.0 nan nan 
36 92029521484375.0 256 nan 1.0 1.0 1.0 1.0 nan 1.0 1.0 0.6 0.9622641509433962 0.625 0.375 1.0 nan nan 
37 311139472656250.0 17 nan 1.0 nan 1.0 1.0 1.0 1.0 nan 1.0 nan nan nan nan 1.0 nan 
38 263994765625000.0 170 1.0 1.0 nan 1.0 1.0 nan 1.0 1.0 1.0 0.975 0.8333333333333334 1.0 1.0 nan nan 
39 37843220214843.75 98 1.0 nan 1.0 0.8571428571428571 nan 0.6666666666666666 1.0 0.8571428571428571 0.7 0.9354838709677419 1.0 0.42857142857142855 1.0 1.0 1.0 
41 109815712890625.0 55 1.0 1.0 nan 0.8333333333333334 0.6 0.0 0.6428571428571429 0.4 0.0 0.42857142857142855 0.0 0.5 nan 1.0 nan 
42 43269794921875.0 15 nan nan nan 1.0 0.75 nan nan 0.3333333333333333 nan 1.0 0.0 nan nan nan 1.0 
43 246961230468750.0 416 1.0 1.0 nan 1.0 1.0 nan 1.0 0.9615384615384616 1.0 0.9933333333333333 0.9782608695652174 0.8333333333333334 1.0 0.8076923076923077 0.4 
45 63544052734375.0 73 nan 1.0 nan 1.0 nan 1.0 1.0 0.8333333333333334 0.5 1.0 0.8 0.25 nan nan nan 
46 28421589355468.75 14 nan nan nan 1.0 1.0 nan 1.0 nan nan 0.6666666666666666 1.0 nan 0.5 nan 0.5 
47 146414580078125.0 120 1.0 1.0 nan 1.0 1.0 1.0 0.9642857142857143 1.0 nan 0.95 0.8235294117647058 1.0 1.0 nan nan 
48 57833295898437.5 64 nan 0.5 1.0 1.0 0.6666666666666666 0.0 1.0 0.5 0.0 0.9230769230769231 0.9090909090909091 0.5 1.0 1.0 nan 
49 15440462646484.375 19 1.0 nan nan 1.0 1.0 nan 1.0 nan nan 1.0 0.3333333333333333 nan nan 1.0 nan 
50 232353632812500.0 143 1.0 1.0 nan 1.0 1.0 1.0 1.0 0.8461538461538461 0.3333333333333333 0.9565217391304348 0.6875 0.0 nan nan nan 
51 7324923706054.6875 67 1.0 nan nan 0.6666666666666666 nan nan 0.8 0.4 nan 0.7272727272727273 0.2857142857142857 0.5 0.38461538461538464 0.2 0.0 
52 81220625000000.0 123 1.0 1.0 1.0 0.9 1.0 1.0 0.9795918367346939 1.0 0.625 1.0 0.8 0.5 nan nan nan 
54 185990449218750.0 175 1.0 1.0 1.0 1.0 1.0 1.0 1.0 0.9615384615384616 0.9 1.0 0.9473684210526315 0.4 nan 1.0 1.0 
55 23766899414062.5 7 nan nan nan 1.0 1.0 nan 1.0 1.0 nan 0.5 nan nan nan nan 0.0 
56 13553682861328.125 15 nan nan nan nan nan nan 0.75 1.0 nan 0.75 nan nan nan nan nan 
57 91579785156250.0 51 nan nan 1.0 1.0 0.6666666666666666 1.0 1.0 1.0 1.0 1.0 0.8333333333333334 0.5 nan nan nan 
58 28395358886718.75 45 1.0 nan nan 1.0 1.0 1.0 0.8 1.0 1.0 0.6666666666666666 0.4444444444444444 1.0 nan nan nan 
59 169974042968750.0 263 1.0 1.0 nan 1.0 1.0 1.0 0.9782608695652174 0.9259259259259259 1.0 0.8947368421052632 0.9473684210526315 0.3333333333333333 1.0 1.0 0.0 
60 8901409912109.375 88 1.0 1.0 nan 0.875 1.0 nan 0.875 0.0 nan 0.9090909090909091 0.6666666666666666 nan 0.6153846153846154 0.3333333333333333 0.5 
61 130180029296875.0 93 nan 1.0 1.0 1.0 0.75 1.0 0.8387096774193549 0.9090909090909091 0.8 1.0 0.5454545454545454 1.0 nan nan nan 
63 268857246093750.0 700 1.0 1.0 1.0 0.9787234042553191 0.9830508474576272 1.0 1.0 0.9859154929577465 1.0 0.9739130434782609 0.8762886597938144 1.0 1.0 1.0 1.0 
64 55724018554687.5 37 nan nan 1.0 1.0 1.0 0.5 1.0 1.0 nan 1.0 0.4 0.0 nan 1.0 0.0 
65 11036832275390.625 33 nan 1.0 nan 1.0 nan nan 1.0 0.75 0.5 0.9 0.5714285714285714 1.0 nan nan nan 
66 118542343750000.0 93 nan 1.0 nan 1.0 0.75 nan 0.8181818181818182 0.2727272727272727 0.0 0.7368421052631579 0.2 0.125 nan nan 0.0 
67 14651885986328.125 185 1.0 nan nan 0.88 1.0 nan 0.9272727272727272 0.8571428571428571 nan 0.975 1.0 nan 1.0 1.0 nan 
68 547928750000000.0 637 1.0 1.0 nan 1.0 1.0 1.0 1.0 1.0 1.0 1.0 1.0 1.0 1.0 nan 1.0 
69 76667744140625.0 48 1.0 nan nan 1.0 1.0 nan 0.8235294117647058 1.0 nan 0.875 0.625 1.0 nan nan nan 
70 209303125000000.0 104 1.0 1.0 nan 1.0 1.0 1.0 1.0 1.0 1.0 1.0 1.0 1.0 1.0 1.0 1.0 
71 37429362792968.75 49 1.0 1.0 nan 1.0 0.6666666666666666 nan 1.0 nan 0.0 0.9444444444444444 0.8 0.0 nan 1.0 nan 
72 20339136962890.625 21 nan nan nan nan 1.0 1.0 1.0 0.5 1.0 0.75 0.0 1.0 nan nan nan 
73 132014150390625.0 111 1.0 1.0 1.0 1.0 1.0 nan 1.0 0.7142857142857143 0.0 0.8571428571428571 0.5714285714285714 0.25 0.9047619047619048 0.625 nan 
74 149374619140625.0 158 1.0 1.0 1.0 0.8095238095238095 0.8 1.0 0.9838709677419355 0.9583333333333334 0.75 1.0 0.8333333333333334 1.0 1.0 nan 1.0 
75 301412812500000.0 285 1.0 1.0 1.0 0.9166666666666666 1.0 1.0 0.7068965517241379 0.8421052631578947 0.7142857142857143 0.7125 0.6097560975609756 0.06666666666666667 0.7142857142857143 0.75 0.0 
76 7899136352539.0625 22 0.0 nan nan 0.0 nan 0.0 nan 0.0 0.0 0.5 0.6666666666666666 0.0 1.0 nan 0.0 
77 86973027343750.0 68 nan nan nan 1.0 1.0 nan 0.9565217391304348 0.625 1.0 0.7333333333333333 0.3333333333333333 nan nan nan 0.0 
78 32625427246093.75 11 1.0 nan nan 1.0 nan nan 0.6666666666666666 nan nan 1.0 0.0 nan nan nan nan 
79 210135117187500.0 216 1.0 1.0 nan 1.0 0.8888888888888888 1.0 0.967391304347826 1.0 1.0 0.8918918918918919 0.5555555555555556 1.0 nan nan nan 
80 105529140625000.0 25 nan nan nan 1.0 1.0 nan 0.8571428571428571 nan nan 1.0 nan nan nan nan 1.0 
82 255278398437500.0 110 1.0 nan nan 0.8888888888888888 1.0 0.0 0.782608695652174 0.6521739130434783 0.0 0.8333333333333334 0.3333333333333333 0.0 nan 1.0 nan 
83 87623486328125.0 295 1.0 1.0 nan 1.0 1.0 1.0 1.0 0.9545454545454546 1.0 1.0 0.9285714285714286 1.0 1.0 0.9333333333333333 1.0 
85 16184313964843.75 8 nan nan nan nan nan nan 0.0 0.0 nan 1.0 0.5 nan nan 1.0 nan 
86 163877265625000.0 184 1.0 1.0 1.0 1.0 1.0 1.0 1.0 0.8 0.7777777777777778 0.9090909090909091 0.8 0.6666666666666666 nan nan 1.0 
87 22463662109375.0 23 1.0 1.0 nan 1.0 1.0 1.0 1.0 nan nan 1.0 1.0 nan 1.0 nan nan 
88 13141962890625.0 28 nan nan nan nan nan 1.0 1.0 1.0 1.0 1.0 0.42857142857142855 0.3333333333333333 nan nan nan 
89 67522412109375.0 56 1.0 1.0 nan 1.0 1.0 nan 1.0 1.0 nan 0.9333333333333333 1.0 nan nan nan 1.0 
90 31128559570312.5 38 1.0 nan nan 1.0 1.0 nan 0.7142857142857143 1.0 nan 0.9375 0.3333333333333333 0.0 nan nan nan 
91 130331904296875.0 119 1.0 1.0 nan 1.0 1.0 nan 0.8888888888888888 0.8 0.0 0.7142857142857143 0.7333333333333333 1.0 0.7142857142857143 1.0 0.0 
92 13937562255859.375 93 nan nan 1.0 1.0 1.0 1.0 1.0 1.0 1.0 1.0 0.9411764705882353 0.75 1.0 nan 0.0 
93 105826357421875.0 95 1.0 1.0 nan 1.0 1.0 nan 0.9333333333333333 1.0 1.0 0.9444444444444444 1.0 nan 1.0 nan 0.0 
94 41648442382812.5 21 nan nan nan 1.0 nan nan 1.0 1.0 nan 1.0 0.5 0.0 nan nan nan 
95 245395449218750.0 187 1.0 1.0 1.0 1.0 1.0 1.0 0.9772727272727273 0.9545454545454546 0.8823529411764706 0.8636363636363636 0.7272727272727273 1.0 nan 1.0 1.0 
96 88000888671875.0 131 1.0 1.0 nan 1.0 1.0 1.0 1.0 1.0 1.0 1.0 1.0 1.0 1.0 1.0 1.0 
97 28688374023437.5 26 nan nan nan 1.0 1.0 0.0 1.0 nan nan 1.0 0.0 0.0 nan nan nan 
98 222814824218750.0 98 nan 1.0 nan 1.0 0.8 0.0 0.972972972972973 0.8125 1.0 0.8235294117647058 0.4 1.0 nan nan nan 
99 36483415527343.75 72 nan 1.0 0.0 1.0 nan nan 1.0 1.0 nan 1.0 0.25 0.0 0.631578947368421 0.5714285714285714 0.25 
100 50164140625000.0 176 1.0 1.0 nan 1.0 1.0 1.0 0.9772727272727273 0.8333333333333334 nan 0.86 0.7307692307692307 0.0 1.0 nan nan 
101 9414797363281.25 8 nan nan nan 1.0 nan nan 1.0 nan nan 0.75 nan 0.0 nan nan nan 
102 140890302734375.0 50 nan nan nan 1.0 1.0 1.0 0.8571428571428571 0.6 0.5 0.9166666666666666 0.75 1.0 nan nan 1.0 
103 20184025878906.25 46 1.0 nan nan 1.0 1.0 nan 0.8571428571428571 0.6666666666666666 0.0 0.9 0.2 0.0 nan nan nan 
104 25334594726562.5 13 nan nan nan nan 1.0 nan 1.0 1.0 nan 0.3333333333333333 1.0 nan 0.5 nan nan 
105 85809736328125.0 155 1.0 nan nan 1.0 1.0 nan 1.0 0.875 1.0 0.9705882352941176 0.9 1.0 1.0 0.9375 1.0 
106 38820195312500.0 25 nan nan nan 1.0 0.6666666666666666 nan 1.0 1.0 nan 1.0 0.0 nan nan nan nan 
107 197409218750000.0 269 1.0 1.0 nan 1.0 1.0 1.0 0.9583333333333334 0.7777777777777778 0.6666666666666666 0.8020833333333334 0.6666666666666666 0.5 0.14285714285714285 0.5 0.5 
108 25652470703125.0 140 0.0 nan 0.0 0.8333333333333334 1.0 nan 0.8125 0.5 nan 0.9375 0.5833333333333334 0.0 0.7741935483870968 0.5789473684210527 0.0 
109 119418310546875.0 76 1.0 nan nan 1.0 1.0 0.0 1.0 1.0 nan 1.0 0.8333333333333334 0.0 0.6666666666666666 1.0 nan 
110 85468945312500.0 112 1.0 nan nan 1.0 1.0 nan 1.0 1.0 1.0 1.0 1.0 1.0 nan nan nan 
111 298153281250000.0 186 nan nan 1.0 1.0 1.0 1.0 1.0 0.8571428571428571 0.5 0.8478260869565217 0.5277777777777778 0.36363636363636365 1.0 1.0 1.0 
112 70702524414062.5 90 1.0 1.0 1.0 1.0 0.6666666666666666 1.0 1.0 1.0 1.0 0.92 0.625 0.5 nan nan nan 
113 11632553710937.5 4 nan 1.0 nan nan nan nan 0.0 nan 1.0 nan nan nan nan nan 1.0 
114 187134531250000.0 189 1.0 1.0 nan 1.0 1.0 1.0 1.0 0.8571428571428571 0.25 1.0 0.9 0.42857142857142855 nan 1.0 nan 
115 20010897216796.875 101 0.8571428571428571 1.0 nan 1.0 1.0 nan 0.8235294117647058 0.8 0.0 0.84 1.0 nan 1.0 0.3333333333333333 0.0 
117 63712641601562.5 28 1.0 nan nan 1.0 nan 1.0 1.0 1.0 1.0 1.0 1.0 nan nan nan 1.0 
118 273915273437500.0 200 1.0 nan 1.0 1.0 1.0 nan 1.0 0.9523809523809523 0.75 0.9772727272727273 0.8 0.5714285714285714 nan nan nan 
119 51415083007812.5 43 1.0 1.0 nan 1.0 nan 0.0 0.9411764705882353 0.6666666666666666 1.0 0.875 0.75 nan nan nan nan 
120 25997985839843.75 25 0.0 nan nan nan nan 1.0 1.0 nan 0.5 0.6666666666666666 0.0 1.0 nan nan nan 
121 103997187500000.0 268 1.0 1.0 1.0 1.0 1.0 1.0 0.9864864864864865 0.975 0.8181818181818182 0.98 0.84375 0.5 nan nan 1.0 
122 51072827148437.5 21 nan nan 0.0 nan nan 0.0 1.0 1.0 1.0 1.0 1.0 0.5 0.0 nan nan 
123 173213222656250.0 308 0.9696969696969697 1.0 1.0 1.0 1.0 0.9 0.9433962264150944 1.0 0.8484848484848485 0.9473684210526315 0.5769230769230769 0.5454545454545454 1.0 0.9 1.0 
124 4608048095703.125 17 nan nan nan nan 1.0 0.0 1.0 nan nan 0.8571428571428571 0.0 nan 1.0 1.0 nan 
125 65006171875000.0 20 1.0 nan nan nan nan nan 1.0 0.6666666666666666 1.0 1.0 0.5 nan nan nan 1.0 
126 27909360351562.5 32 nan nan nan 1.0 1.0 nan 1.0 0.6 nan 0.8461538461538461 0.0 0.0 nan nan nan 
127 153895703125000.0 101 1.0 1.0 nan 1.0 1.0 1.0 1.0 1.0 1.0 1.0 0.625 1.0 0.6666666666666666 0.5 1.0 
128 636518515625000.0 475 1.0 1.0 1.0 1.0 1.0 1.0 1.0 1.0 1.0 1.0 1.0 1.0 nan 1.0 nan 
129 11552069091796.875 43 1.0 1.0 nan 0.75 1.0 0.0 1.0 nan nan 0.8181818181818182 0.25 0.0 0.0 nan 0.5 
130 670723437500000.0 313 1.0 1.0 1.0 1.0 1.0 1.0 1.0 1.0 0.9375 0.9682539682539683 0.8888888888888888 0.4444444444444444 nan nan nan 
131 58787001953125.0 189 1.0 nan nan 1.0 0.3333333333333333 0.25 1.0 0.7272727272727273 0.35714285714285715 0.8571428571428571 0.6666666666666666 0.3333333333333333 0.6666666666666666 0.0 0.5 
132 221897539062500.0 91 1.0 1.0 nan 1.0 1.0 1.0 1.0 1.0 0.5 0.9 0.6666666666666666 0.0 1.0 nan nan 
133 2154257049560.5469 4 nan nan nan nan nan nan nan 1.0 1.0 nan 1.0 nan nan nan nan 
134 168214199218750.0 80 1.0 nan nan 1.0 1.0 nan 0.9090909090909091 0.7272727272727273 0.75 0.875 0.7 0.3333333333333333 nan nan nan 
135 23013388671875.0 74 0.7272727272727273 1.0 nan 1.0 1.0 1.0 1.0 1.0 nan 1.0 0.8571428571428571 1.0 nan 0.0 nan 
136 18104320068359.375 10 nan nan nan 1.0 nan nan 1.0 1.0 nan 1.0 1.0 nan nan nan nan 
137 26268269042968.75 115 0.6 0.75 nan 1.0 1.0 nan 1.0 0.7857142857142857 1.0 0.8695652173913043 0.6 0.75 0.0 1.0 nan 
139 288106289062500.0 114 1.0 1.0 1.0 1.0 1.0 nan 1.0 0.9166666666666666 nan 0.8809523809523809 1.0 nan nan nan nan 
140 64768315429687.5 48 nan 1.0 nan 1.0 1.0 nan 0.9 0.6666666666666666 nan 0.6666666666666666 0.5 nan 1.0 nan 1.0 
141 20944460449218.75 85 0.5 nan nan 1.0 1.0 nan 1.0 nan nan 0.675 0.5 0.0 0.6875 nan 1.0 
142 8707108764648.4375 42 nan 1.0 nan 0.6 0.125 0.0 0.6666666666666666 1.0 nan 0.9285714285714286 nan 0.0 1.0 nan nan 
143 144795625000000.0 204 1.0 1.0 0.0 1.0 0.8 1.0 1.0 0.8571428571428571 0.5333333333333333 1.0 0.5263157894736842 0.375 nan nan nan 
144 13502238769531.25 37 nan 1.0 nan nan 1.0 nan 1.0 0.5 0.5 0.5384615384615384 0.0 0.0 0.6666666666666666 0.0 0.3333333333333333 
145 579187734375000.0 94 nan nan 1.0 1.0 1.0 nan 1.0 1.0 0.0 0.9285714285714286 1.0 0.2857142857142857 nan nan nan 
146 44527465820312.5 69 0.0 nan 1.0 1.0 1.0 nan 0.9375 0.8333333333333334 1.0 1.0 0.6666666666666666 1.0 nan 1.0 nan 
147 705216093750000.0 141 1.0 1.0 nan 1.0 1.0 1.0 0.9830508474576272 0.8181818181818182 0.8888888888888888 0.9655172413793104 0.8571428571428571 1.0 nan nan nan 
148 77432871093750.0 229 0.875 1.0 1.0 1.0 1.0 1.0 1.0 0.9696969696969697 1.0 0.975 0.925 1.0 1.0 1.0 1.0 
150 129410068359375.0 214 1.0 1.0 1.0 1.0 1.0 1.0 1.0 0.9655172413793104 1.0 0.9555555555555556 0.95 0.6666666666666666 nan nan 1.0 
151 57184877929687.5 44 nan 1.0 1.0 1.0 1.0 nan 0.95 1.0 nan 0.6 0.5 nan 1.0 nan nan 
152 345155234375000.0 806 1.0 1.0 1.0 1.0 1.0 0.8888888888888888 1.0 0.9811320754716981 0.9487179487179487 0.959409594095941 0.9148936170212766 0.625 0.8507462686567164 0.5 0.25 
153 62621835937500.0 302 0.8333333333333334 0.9523809523809523 1.0 1.0 1.0 1.0 1.0 0.9736842105263158 1.0 1.0 0.9285714285714286 0.8888888888888888 0.9230769230769231 0.6923076923076923 1.0 
154 204437968750000.0 157 1.0 1.0 nan 1.0 1.0 nan 1.0 0.8571428571428571 1.0 0.9636363636363636 0.7 1.0 0.4 0.75 0.0 
155 2610054375000000.0 1445 1.0 1.0 nan 1.0 1.0 1.0 1.0 1.0 1.0 1.0 1.0 1.0 1.0 1.0 nan 
156 1340267333984.375 1 nan nan nan nan nan nan nan nan nan nan nan nan nan nan nan 
157 59980341796875.0 304 1.0 1.0 1.0 1.0 1.0 1.0 1.0 0.9285714285714286 0.5 0.9111111111111111 0.8723404255319149 0.47619047619047616 0.9512195121951219 0.9230769230769231 0.5217391304347826 
158 915777656250000.0 1423 1.0 1.0 1.0 1.0 1.0 1.0 1.0 1.0 1.0 1.0 0.968503937007874 0.9285714285714286 1.0 1.0 nan 
159 293173652343750.0 158 1.0 1.0 1.0 1.0 1.0 0.8571428571428571 0.9705882352941176 0.9615384615384616 0.9545454545454546 0.8260869565217391 0.5833333333333334 0.9166666666666666 nan nan nan 
160 16390898437500.0 74 0.8888888888888888 1.0 nan 0.9 1.0 0.5 1.0 0.5 1.0 0.875 0.4 1.0 0.0 1.0 nan 
161 259560273437500.0 432 1.0 1.0 1.0 1.0 1.0 0.9166666666666666 1.0 1.0 0.9 1.0 1.0 0.7777777777777778 1.0 nan 1.0 
163 102865419921875.0 83 1.0 1.0 nan 1.0 1.0 0.8571428571428571 1.0 0.9 0.5714285714285714 0.9 0.7777777777777778 0.125 nan 1.0 nan 
164 80001430664062.5 32 1.0 nan nan 1.0 1.0 nan 0.9 0.5 nan 0.4444444444444444 1.0 nan 0.5 0.5 nan 
165 259992246093750.0 24 nan nan nan 1.0 1.0 1.0 1.0 1.0 1.0 nan nan nan nan nan nan 
166 122003955078125.0 133 1.0 1.0 nan 1.0 1.0 1.0 0.9411764705882353 0.8 0.25 1.0 0.9090909090909091 0.6 nan nan nan 
167 17846972656250.0 169 1.0 1.0 nan 1.0 1.0 0.0 0.6363636363636364 0.75 1.0 1.0 0.8 0.25 0.7346938775510204 0.5135135135135135 0.5 
168 1531343593750000.0 1574 1.0 1.0 1.0 1.0 1.0 0.9210526315789473 0.9962825278810409 0.9587628865979382 0.7125 0.917910447761194 0.7325581395348837 0.5 1.0 0.8 0.6666666666666666 
169 241739667968750.0 102 1.0 nan nan 1.0 1.0 nan 0.9393939393939394 1.0 0.5 0.85 0.625 nan nan nan 0.0 
170 24493161621093.75 30 nan 1.0 nan nan 1.0 nan 1.0 1.0 0.0 1.0 0.0 0.0 nan nan nan 
171 658393671875000.0 930 1.0 1.0 1.0 1.0 1.0 1.0 0.9948186528497409 0.952054794520548 0.8850574712643678 0.9473684210526315 0.9166666666666666 0.7397260273972602 nan 1.0 1.0 
172 7908502807617.1875 20 nan nan nan 1.0 1.0 0.0 1.0 1.0 nan 1.0 0.6 nan 0.0 nan nan 
173 3770215148925.7812 2 nan nan nan nan nan nan nan 0.0 nan nan nan nan nan nan 1.0 
174 1248402734375000.0 1318 1.0 1.0 1.0 1.0 0.9887640449438202 0.9411764705882353 0.9930555555555556 0.9586206896551724 0.9047619047619048 0.9940828402366864 0.7755102040816326 0.6545454545454545 1.0 0.8214285714285714 0.7659574468085106 
175 111280458984375.0 54 1.0 nan nan 1.0 nan 1.0 1.0 0.0 1.0 0.7333333333333333 0.6 0.0 0.0 0.2 nan 
176 13099237060546.875 80 0.6666666666666666 1.0 nan 0.7142857142857143 1.0 0.3333333333333333 0.9473684210526315 0.75 0.75 0.9473684210526315 0.5 1.0 0.0 nan 1.0 
177 23288632812500.0 19 1.0 nan nan nan 1.0 nan 1.0 1.0 0.0 1.0 1.0 nan nan nan 1.0 
178 4216526794433.5938 79 nan nan nan 0.0 nan nan 0.6666666666666666 1.0 nan 0.4375 0.5454545454545454 nan 0.64 0.625 0.0 
179 64722416992187.5 44 nan nan nan 1.0 1.0 nan 1.0 1.0 nan 0.9444444444444444 0.75 1.0 0.0 nan nan 
180 29786213378906.25 23 nan nan nan nan nan nan 0.75 nan 0.0 0.7777777777777778 0.3333333333333333 1.0 nan nan 0.0 
181 24723139648437.5 21 1.0 nan nan nan 0.0 nan 1.0 1.0 nan 1.0 0.5 nan 0.8333333333333334 0.3333333333333333 0.5 
182 22677360839843.75 15 nan 1.0 nan 1.0 1.0 nan 1.0 1.0 nan 1.0 1.0 nan nan nan nan 
183 1214862890625000.0 609 1.0 1.0 nan 1.0 1.0 1.0 1.0 0.9830508474576272 1.0 1.0 0.98 1.0 nan 1.0 nan 
184 6296179199218.75 21 nan nan 0.0 nan 1.0 nan nan 0.0 0.0 0.2 0.0 0.0 nan nan nan 
185 150069707031250.0 96 nan 1.0 1.0 1.0 1.0 1.0 1.0 0.9 1.0 0.9411764705882353 1.0 0.8888888888888888 nan nan 1.0 
186 1027461318969.7266 20 nan 0.0 nan 0.25 1.0 nan nan 0.0 nan 0.8333333333333334 nan 0.0 1.0 nan 0.0 
187 588721640625000.0 412 1.0 nan nan 1.0 1.0 1.0 1.0 1.0 1.0 0.9935064935064936 1.0 1.0 nan nan 1.0 
188 55334897460937.5 53 1.0 nan nan 1.0 1.0 nan 1.0 0.7692307692307693 0.0 0.7142857142857143 0.0 nan nan nan nan 
189 172118496093750.0 62 1.0 1.0 nan 1.0 1.0 nan 1.0 1.0 0.0 0.9444444444444444 0.3333333333333333 nan nan nan nan 
190 79546972656250.0 46 1.0 1.0 nan 1.0 1.0 nan 1.0 1.0 nan 0.9333333333333333 1.0 1.0 1.0 1.0 1.0 
191 441835468750000.0 737 1.0 1.0 1.0 1.0 1.0 1.0 1.0 0.9775280898876404 1.0 1.0 0.8450704225352113 0.96 1.0 1.0 1.0 
192 93516054687500.0 59 1.0 1.0 1.0 1.0 1.0 0.5 0.9375 0.5 0.0 0.9090909090909091 0.6666666666666666 0.0 nan nan 0.0 
193 339748398437500.0 26 1.0 1.0 1.0 1.0 1.0 1.0 1.0 1.0 1.0 nan nan nan nan nan 1.0 
194 20399720458984.375 46 nan nan nan 0.8333333333333334 nan 0.0 0.5833333333333334 0.5 0.0 0.6923076923076923 0.3333333333333333 0.0 0.5 0.0 nan 
195 113047597656250.0 122 1.0 nan nan 1.0 1.0 nan 1.0 0.8333333333333334 0.6666666666666666 0.9444444444444444 0.7142857142857143 0.0 nan nan 0.0 
196 133823447265625.0 62 1.0 1.0 nan 1.0 1.0 nan 1.0 0.8 0.6666666666666666 0.8 0.2 nan 1.0 nan nan 
197 80373188476562.5 148 1.0 1.0 nan 1.0 1.0 nan 0.9642857142857143 1.0 1.0 1.0 0.7368421052631579 0.5 0.9545454545454546 1.0 1.0 
198 123675156250000.0 123 1.0 0.6666666666666666 nan 1.0 1.0 1.0 0.9393939393939394 1.0 1.0 0.9090909090909091 0.6666666666666666 0.6666666666666666 1.0 1.0 0.0 
199 64204843750000.0 12 nan nan nan 0.0 nan nan 1.0 nan nan 0.0 0.0 0.0 nan nan nan 
200 26040375976562.5 29 1.0 nan nan 1.0 1.0 1.0 1.0 0.75 nan 0.8571428571428571 0.3333333333333333 1.0 nan nan 1.0 
201 149162597656250.0 83 1.0 1.0 nan 1.0 1.0 nan 0.9705882352941176 0.9090909090909091 1.0 0.9090909090909091 0.6666666666666666 nan 1.0 nan 1.0 
202 5930685424804.6875 26 nan 1.0 nan 1.0 1.0 0.0 1.0 1.0 nan 1.0 0.5 1.0 1.0 1.0 1.0 
203 614090937500000.0 304 1.0 1.0 1.0 1.0 1.0 1.0 1.0 1.0 1.0 0.9456521739130435 0.7959183673469388 0.9375 1.0 1.0 1.0 
204 45824794921875.0 23 1.0 nan nan 1.0 1.0 nan 1.0 1.0 nan 1.0 nan nan nan 1.0 nan 
205 83167431640625.0 63 1.0 1.0 nan 1.0 1.0 0.5 1.0 0.7777777777777778 0.75 0.8181818181818182 0.6363636363636364 nan nan 1.0 0.0 
207 281175976562500.0 295 1.0 0.75 1.0 1.0 0.8 0.7777777777777778 0.925 0.8125 0.85 0.7297297297297297 0.6190476190476191 0.42857142857142855 1.0 1.0 nan 
208 158917392578125.0 51 1.0 nan 1.0 1.0 1.0 1.0 1.0 0.8333333333333334 nan 1.0 1.0 nan nan nan nan 
209 230059804687500.0 417 1.0 1.0 1.0 1.0 1.0 1.0 1.0 0.9 0.7619047619047619 0.9577464788732394 0.851063829787234 0.45714285714285713 0.9047619047619048 0.5454545454545454 0.36363636363636365 
210 126651845703125.0 231 0.75 1.0 1.0 1.0 1.0 1.0 0.9743589743589743 0.967741935483871 1.0 0.9607843137254902 0.7755102040816326 1.0 nan nan nan 
213 908961029052.7344 2 nan nan nan nan 0.0 nan nan nan nan nan nan nan nan nan nan 
214 148254521484375.0 22 nan nan nan 1.0 1.0 nan 1.0 nan nan 1.0 1.0 nan nan nan 0.0 
215 5686947631835.9375 2 nan nan nan nan nan nan nan 1.0 nan nan nan nan nan nan nan 
216 676726406250000.0 120 1.0 nan nan 1.0 1.0 1.0 1.0 1.0 1.0 0.8571428571428571 0.8888888888888888 0.6666666666666666 1.0 0.8888888888888888 0.3333333333333333 
217 69154750976562.5 34 nan nan nan 1.0 1.0 nan 0.7142857142857143 1.0 0.5 0.5 0.4 0.0 nan nan 0.0 
218 1152964218750000.0 854 1.0 1.0 nan 1.0 1.0 1.0 1.0 1.0 1.0 0.9938461538461538 0.9642857142857143 1.0 0.96 0.8 1.0 
220 99653632812500.0 113 1.0 1.0 nan 1.0 0.9166666666666666 0.8333333333333334 0.9655172413793104 0.7407407407407407 0.8181818181818182 1.0 0.6666666666666666 0.5 1.0 nan nan 
221 15884014892578.125 114 0.8 1.0 1.0 1.0 1.0 0.0 0.9230769230769231 1.0 1.0 0.8787878787878788 0.9090909090909091 0.7142857142857143 nan nan nan 
222 125175117187500.0 50 1.0 nan nan 1.0 1.0 nan 0.8888888888888888 0.4 0.0 1.0 0.0 nan nan nan nan 
223 141103916015625.0 128 1.0 1.0 nan 1.0 1.0 1.0 0.9705882352941176 0.7857142857142857 1.0 0.8620689655172413 0.6923076923076923 0.5 nan 1.0 nan 
224 8669664306640.625 33 1.0 nan nan 1.0 nan nan 1.0 0.0 nan 1.0 0.0 nan 0.6 0.25 0.0 
225 84824101562500.0 105 nan nan nan nan 1.0 nan 1.0 1.0 1.0 1.0 0.9230769230769231 1.0 0.6666666666666666 1.0 1.0 
226 81825429687500.0 44 1.0 nan nan 1.0 1.0 nan 0.9230769230769231 1.0 1.0 0.75 0.3333333333333333 0.0 nan nan nan 
227 444316328125000.0 93 1.0 1.0 nan 1.0 1.0 1.0 1.0 0.7777777777777778 1.0 1.0 1.0 1.0 1.0 nan nan 
228 17601383056640.625 223 0.8571428571428571 0.6666666666666666 nan 1.0 0.8333333333333334 1.0 1.0 0.8571428571428571 1.0 0.9072164948453608 0.7804878048780488 0.8333333333333334 0.6923076923076923 0.35714285714285715 1.0 
229 5386193847656.25 4 nan nan nan nan nan nan 1.0 0.0 0.0 nan 1.0 nan nan nan nan 
230 167103300781250.0 102 1.0 1.0 1.0 1.0 1.0 1.0 1.0 1.0 1.0 1.0 0.7142857142857143 1.0 nan 1.0 nan 
231 69927597656250.0 94 1.0 1.0 1.0 1.0 1.0 1.0 1.0 0.8 0.7142857142857143 0.7857142857142857 0.6 0.5 nan nan nan 
232 8138446044921.875 23 nan nan nan 1.0 0.6666666666666666 nan 1.0 1.0 0.0 1.0 nan nan nan nan 1.0 
233 107884169921875.0 57 nan 1.0 nan 1.0 1.0 nan 1.0 0.3333333333333333 nan 0.8095238095238095 0.75 0.3333333333333333 1.0 nan nan 
235 1791905625000000.0 1317 1.0 1.0 1.0 1.0 1.0 1.0 1.0 0.9910714285714286 0.975 0.9950738916256158 0.993421052631579 0.9512195121951219 1.0 1.0 1.0 
236 17715933837890.625 25 0.0 0.25 nan 0.5 nan 0.0 0.75 0.5 nan 0.0 0.5 0.0 nan nan 0.0 
237 321274628906250.0 321 1.0 1.0 1.0 1.0 1.0 1.0 1.0 0.9210526315789473 0.75 0.9473684210526315 0.7692307692307693 1.0 1.0 1.0 nan 
238 18370064697265.625 47 0.6666666666666666 1.0 nan 1.0 1.0 nan 1.0 0.8888888888888888 1.0 1.0 1.0 nan nan 1.0 nan 
239 495732578125000.0 417 1.0 1.0 1.0 1.0 0.875 0.75 1.0 0.9795918367346939 0.9375 0.9562043795620438 0.8382352941176471 0.7241379310344828 nan nan nan 
240 28573017578125.0 86 1.0 nan nan 0.6666666666666666 1.0 0.0 0.5714285714285714 0.6666666666666666 0.0 0.8947368421052632 0.45 0.16666666666666666 1.0 nan nan 
242 48437426757812.5 30 1.0 1.0 nan nan nan nan 1.0 0.8 nan 0.8571428571428571 1.0 1.0 nan nan 1.0 
243 131423066406250.0 197 1.0 nan 1.0 1.0 1.0 1.0 1.0 1.0 1.0 0.9714285714285714 0.85 0.0 nan nan 1.0 
244 43835698242187.5 100 1.0 1.0 0.0 1.0 1.0 0.0 0.9 0.6363636363636364 0.0 1.0 0.7142857142857143 0.0 0.8181818181818182 0.8571428571428571 0.0 
245 1356138125000000.0 904 1.0 1.0 1.0 1.0 1.0 1.0 1.0 0.9861111111111112 1.0 0.9827586206896551 0.9642857142857143 1.0 1.0 1.0 1.0 
246 391387890625000.0 240 1.0 1.0 nan 1.0 1.0 1.0 0.9666666666666667 0.975609756097561 1.0 0.9583333333333334 1.0 1.0 nan nan nan 
247 45958481445312.5 19 nan nan nan 0.5 0.0 nan 1.0 0.0 nan 0.6666666666666666 0.5 nan nan nan nan 
248 10093764648437.5 6 nan nan nan nan nan nan 1.0 0.0 nan 0.6666666666666666 nan nan nan 0.0 nan 
249 168325878906250.0 41 nan nan nan 1.0 1.0 nan 1.0 0.5 nan 0.9090909090909091 1.0 nan nan nan nan 
250 618826914062500.0 676 1.0 1.0 1.0 1.0 1.0 1.0 1.0 1.0 1.0 1.0 0.9662921348314607 0.9230769230769231 1.0 1.0 nan 
251 561743320312500.0 1254 1.0 1.0 1.0 1.0 1.0 1.0 1.0 0.9588235294117647 0.9354838709677419 0.9896551724137931 0.9603174603174603 1.0 1.0 0.625 1.0 
252 48552382812500.0 21 nan nan nan 1.0 1.0 nan 1.0 0.5 0.0 0.8333333333333334 0.0 nan nan nan nan 
253 58304218750000.0 54 1.0 1.0 nan 1.0 1.0 1.0 1.0 1.0 0.0 0.8571428571428571 0.0 0.5 nan nan 1.0 
254 1662122187500000.0 629 1.0 1.0 1.0 1.0 1.0 0.8571428571428571 0.9922178988326849 0.8709677419354839 0.6153846153846154 0.9724770642201835 0.8285714285714286 0.5 1.0 1.0 1.0 
255 201586386718750.0 249 1.0 1.0 1.0 1.0 1.0 1.0 1.0 1.0 1.0 0.9464285714285714 0.92 0.9 1.0 nan nan 
312 106069970703125.0 59 1.0 1.0 nan 1.0 1.0 nan 1.0 1.0 1.0 0.8571428571428571 1.0 nan 1.0 1.0 nan 
330 73553017578125.0 108 1.0 1.0 1.0 1.0 1.0 1.0 1.0 0.75 1.0 0.95 0.8235294117647058 0.3333333333333333 1.0 0.6666666666666666 nan 
351 5689197387695.3125 9 nan 1.0 nan nan nan nan nan 1.0 nan 1.0 0.5 0.0 nan nan nan 
352 25200454101562.5 24 1.0 nan nan 1.0 nan nan 1.0 1.0 nan 1.0 0.5 nan nan nan nan 
353 10961105957031.25 20 nan nan nan 1.0 1.0 0.0 0.4 0.0 0.25 0.5 0.0 0.0 nan nan nan 
354 32711145019531.25 131 1.0 nan nan 0.8333333333333334 1.0 0.0 1.0 1.0 0.5 0.9459459459459459 0.75 1.0 0.5 0.8 0.0 
355 11205203857421.875 22 nan nan nan 1.0 nan nan 1.0 nan nan 1.0 1.0 0.0 1.0 1.0 1.0 
356 7289202880859.375 34 nan 0.0 nan nan nan 0.75 1.0 0.2857142857142857 0.5 0.8 0.0 1.0 nan nan nan 
357 8742772827148.4375 22 nan 0.5 nan 1.0 nan 0.0 1.0 0.5 nan 1.0 0.5 0.0 nan nan nan 
358 24521391601562.5 19 nan nan nan 1.0 1.0 nan 0.0 0.75 0.0 0.5 0.0 0.0 nan nan nan 
359 160040205078125.0 332 1.0 1.0 1.0 1.0 1.0 1.0 0.984375 0.9333333333333333 0.90625 0.9529411764705882 0.7105263157894737 0.8387096774193549 nan 1.0 1.0 
360 24749121093750.0 11 1.0 nan nan nan nan nan 1.0 nan 0.0 1.0 0.0 nan 0.0 nan nan 
361 33764865722656.25 14 nan nan nan nan nan nan 1.0 0.0 0.0 1.0 0.0 nan nan nan 0.0 
362 17215562744140.625 49 nan 0.0 1.0 nan 0.0 1.0 0.75 0.7142857142857143 0.75 0.6923076923076923 0.25 0.6666666666666666 nan nan 1.0 
363 24295085449218.75 13 nan nan nan 1.0 nan nan 1.0 0.0 nan 1.0 0.5 0.0 nan nan nan 
364 29381979980468.75 53 nan 0.0 nan 1.0 1.0 nan 1.0 0.5 0.0 0.5789473684210527 0.16666666666666666 0.25 nan 0.0 1.0 
365 20011450195312.5 12 nan nan nan 1.0 nan 1.0 nan 0.6666666666666666 nan 0.5 0.0 0.0 nan nan nan 
366 88326875000000.0 146 1.0 1.0 1.0 0.8888888888888888 0.8571428571428571 0.4 1.0 0.7931034482758621 0.14285714285714285 0.8 0.7241379310344828 0.42857142857142855 nan nan 0.0 
367 22769833984375.0 38 1.0 nan nan 1.0 1.0 nan 1.0 1.0 nan 0.9166666666666666 1.0 nan 0.8 0.0 0.0 
368 25604455566406.25 16 nan 1.0 nan nan 1.0 1.0 1.0 1.0 1.0 nan 1.0 1.0 nan nan nan 
369 29957741699218.75 15 nan nan nan nan 1.0 1.0 0.0 0.6666666666666666 nan 0.5 0.75 1.0 nan nan nan 
370 244462128906250.0 98 1.0 1.0 1.0 1.0 1.0 nan 1.0 1.0 1.0 1.0 1.0 nan nan 1.0 nan 
371 30085646972656.25 19 1.0 nan nan nan 1.0 nan 1.0 1.0 nan 1.0 1.0 nan nan nan nan 
372 10353853759765.625 6 nan 1.0 nan 1.0 nan nan nan nan nan 0.0 1.0 1.0 nan nan 1.0 
373 9815801391601.562 59 0.25 0.0 nan 1.0 1.0 0.0 1.0 0.6666666666666666 0.0 0.8823529411764706 0.16666666666666666 0.125 1.0 0.0 0.0 
374 255758750000000.0 166 1.0 1.0 nan 1.0 1.0 1.0 1.0 1.0 1.0 0.9090909090909091 0.9375 1.0 0.5 nan 1.0 
375 24745581054687.5 28 nan nan nan nan 1.0 nan 1.0 0.3333333333333333 nan 1.0 0.3333333333333333 0.0 nan nan 1.0 
376 7288394165039.0625 22 nan nan nan nan 1.0 nan nan 0.5 nan 1.0 1.0 nan 0.5 1.0 1.0 
377 16065122070312.5 23 nan nan nan 0.5 nan 1.0 1.0 nan 0.0 0.5714285714285714 0.0 nan nan nan nan 
378 14516639404296.875 57 1.0 nan nan nan 0.5 nan 0.5 0.0 0.0 0.5217391304347826 0.3333333333333333 0.0 0.0 0.0 0.0 
379 21018552246093.75 11 nan nan nan 1.0 0.0 nan 1.0 0.0 nan 1.0 nan nan nan nan nan 
380 12172978515625.0 30 nan 1.0 nan 1.0 0.0 nan 1.0 0.5 nan 1.0 1.0 1.0 nan nan nan 
381 28134724121093.75 27 nan 1.0 1.0 nan nan 1.0 1.0 0.0 nan 1.0 0.4 1.0 0.5 nan 1.0 
382 245363710937500.0 209 1.0 1.0 1.0 1.0 1.0 1.0 1.0 1.0 1.0 1.0 1.0 1.0 nan nan 1.0 
383 22248649902343.75 10 nan nan nan nan 0.0 1.0 0.75 nan nan 1.0 nan nan nan nan nan 
384 7131677246093.75 4 nan nan nan nan nan nan nan 0.0 nan nan nan nan nan nan nan 
385 599517265625000.0 332 1.0 1.0 1.0 1.0 1.0 1.0 0.9764705882352941 0.9142857142857143 0.8333333333333334 0.8842105263157894 0.6037735849056604 0.7142857142857143 nan nan nan 
386 1461231079101.5625 1 nan nan nan nan nan nan nan nan nan nan nan nan nan 1.0 nan 
387 1504110781250000.0 1828 1.0 1.0 1.0 1.0 1.0 1.0 0.99812734082397 0.9742990654205608 0.9090909090909091 0.9620253164556962 0.7666666666666667 0.5454545454545454 1.0 1.0 1.0 
388 13110510253906.25 34 nan 1.0 nan 1.0 1.0 1.0 1.0 1.0 1.0 1.0 1.0 0.8 nan nan nan 
389 87019873046875.0 47 1.0 nan nan 0.6666666666666666 1.0 0.6666666666666666 1.0 0.8571428571428571 0.6666666666666666 1.0 0.6666666666666666 0.6666666666666666 0.0 nan 1.0 
390 9985094604492.188 5 nan nan nan nan 0.0 nan nan nan nan 0.0 0.0 nan nan nan nan 
391 4331434631347.6562 17 nan nan 1.0 nan nan nan 0.6666666666666666 0.6666666666666666 nan 0.25 1.0 nan nan 0.0 nan 
392 30590549316406.25 48 nan nan nan 1.0 1.0 0.0 0.9166666666666666 0.9230769230769231 0.5 0.8571428571428571 0.375 nan nan nan nan 
393 3040118713378.9062 7 nan nan nan nan nan nan 0.0 0.0 nan 0.3333333333333333 0.0 nan nan nan nan 
394 60058647460937.5 14 nan nan nan 0.75 0.0 nan 1.0 0.0 nan 0.0 0.0 nan nan nan nan 
395 26514943847656.25 8 nan nan nan nan nan nan nan 0.25 nan 0.0 0.0 nan nan nan nan 
396 24113334960937.5 39 nan 1.0 nan 1.0 1.0 nan 0.9 1.0 1.0 0.6666666666666666 0.5 0.0 nan nan nan 
397 4905227050781.25 5 nan nan nan nan 0.0 nan nan nan nan 0.5 nan 1.0 nan nan 0.0 
398 44252866210937.5 78 nan nan nan 1.0 1.0 1.0 1.0 1.0 1.0 1.0 0.8 1.0 nan nan nan 
399 26055285644531.25 70 1.0 nan nan 1.0 1.0 nan 0.9230769230769231 0.6 nan 0.7391304347826086 0.375 0.0 0.4 1.0 nan 
400 21005659179687.5 25 1.0 1.0 nan 1.0 1.0 nan 1.0 nan 0.5 1.0 0.0 nan nan nan nan 
402 10248748779296.875 21 0.3333333333333333 0.0 nan 1.0 nan nan 0.8 nan 0.0 0.0 0.0 nan nan nan 0.0 
403 16305258789062.5 50 nan 1.0 nan nan 1.0 0.0 0.0 0.8333333333333334 0.3333333333333333 0.8 0.125 0.25 1.0 0.0 0.0 
404 31052841796875.0 50 nan nan nan 1.0 0.5 nan 1.0 1.0 0.0 0.5 0.25 0.0 0.3333333333333333 0.0 0.25 
405 20648911132812.5 100 1.0 1.0 nan 0.9444444444444444 1.0 1.0 0.8947368421052632 0.8461538461538461 1.0 0.7222222222222222 0.4375 1.0 1.0 1.0 1.0 
406 17808074951171.875 32 nan nan nan 1.0 1.0 nan 0.7777777777777778 0.6 nan 1.0 0.5 1.0 nan nan 1.0 
407 9891765747070.312 60 1.0 1.0 nan 1.0 1.0 nan 0.8888888888888888 1.0 nan 0.8 0.5555555555555556 1.0 1.0 1.0 nan 
408 119439902343750.0 58 1.0 1.0 1.0 1.0 1.0 nan 0.8421052631578947 1.0 1.0 0.7272727272727273 0.5 0.16666666666666666 nan nan nan 
409 1935828094482.4219 4 nan 0.0 nan 1.0 nan nan nan nan nan nan 0.0 nan nan nan nan 
410 34931154785156.25 15 1.0 nan nan 1.0 nan nan 1.0 nan nan 0.0 0.5 0.0 nan nan nan 
411 61501132812500.0 31 nan 1.0 nan 1.0 nan 1.0 1.0 1.0 0.5 1.0 0.0 0.0 nan nan nan 
412 1461858281250000.0 584 1.0 1.0 1.0 1.0 1.0 1.0 0.9807692307692307 0.9304347826086956 0.8409090909090909 0.8958333333333334 0.6764705882352942 0.8571428571428571 1.0 1.0 nan 
413 276639648437500.0 119 1.0 1.0 nan 1.0 1.0 1.0 1.0 0.9285714285714286 nan 0.9736842105263158 0.9090909090909091 1.0 nan nan 1.0 
414 27957199707031.25 50 nan nan 0.0 1.0 nan 0.5 1.0 0.75 0.0 0.7142857142857143 0.5 0.25 1.0 nan nan 
415 291053789062500.0 705 1.0 1.0 1.0 1.0 1.0 1.0 0.9897959183673469 0.975609756097561 0.918918918918919 0.9470198675496688 0.8807947019867549 0.6375 0.6666666666666666 1.0 0.0 
416 357379531250000.0 30 nan nan 1.0 nan 1.0 1.0 1.0 1.0 1.0 0.5 1.0 nan nan 1.0 1.0 
417 64469848632812.5 69 1.0 1.0 nan 1.0 1.0 nan 1.0 1.0 1.0 1.0 1.0 1.0 nan nan 1.0 
418 153365009765625.0 100 nan nan nan 1.0 1.0 1.0 1.0 1.0 1.0 1.0 0.75 0.0 nan nan nan 
419 5613694458007.8125 7 1.0 nan nan nan nan nan 0.0 0.5 nan 1.0 nan nan nan 0.0 nan 
420 94576083984375.0 61 nan nan 1.0 1.0 1.0 1.0 1.0 1.0 1.0 1.0 1.0 1.0 nan nan nan 
421 2807923889160.1562 12 nan nan nan nan nan nan nan 0.5 nan 1.0 0.25 1.0 nan nan nan 
422 66494482421875.0 33 nan 1.0 nan 1.0 1.0 0.0 0.8888888888888888 0.6666666666666666 0.0 0.5 0.0 0.0 1.0 nan nan 
423 67479033203125.0 70 1.0 1.0 nan 1.0 1.0 1.0 1.0 0.8333333333333334 nan 0.9444444444444444 1.0 nan nan nan nan 
424 30530986328125.0 74 nan 1.0 nan 1.0 1.0 1.0 0.95 1.0 0.8 0.8 0.6363636363636364 1.0 nan 1.0 1.0 
425 1749382187500000.0 904 1.0 1.0 1.0 1.0 1.0 1.0 0.9960159362549801 0.9516129032258065 0.8846153846153846 0.9770992366412213 0.8390804597701149 0.75 1.0 1.0 1.0 
426 42212622070312.5 19 nan nan 1.0 1.0 1.0 nan 1.0 1.0 0.5 1.0 0.0 nan nan nan nan 
427 1615031562500000.0 342 1.0 1.0 1.0 1.0 1.0 1.0 1.0 0.9850746268656716 1.0 1.0 1.0 1.0 nan 1.0 nan 
428 210907441406250.0 308 1.0 1.0 1.0 1.0 1.0 1.0 1.0 0.9285714285714286 0.75 1.0 0.8947368421052632 1.0 0.75 nan nan 
429 135955341796875.0 73 1.0 1.0 nan 1.0 1.0 1.0 1.0 1.0 0.6666666666666666 1.0 0.8333333333333334 nan 1.0 1.0 1.0 
430 20957548828125.0 27 nan nan nan 1.0 1.0 1.0 1.0 1.0 nan 0.8333333333333334 0.4 nan nan nan nan 
431 4869086608886.719 23 nan 1.0 nan 1.0 nan nan 0.8 1.0 0.0 1.0 0.6666666666666666 0.5 nan nan nan 
432 34709401855468.75 52 1.0 1.0 nan 1.0 1.0 0.5 0.9090909090909091 0.6363636363636364 0.6666666666666666 0.8571428571428571 0.6666666666666666 1.0 nan nan nan 
434 36719355468750.0 21 nan 1.0 nan 1.0 1.0 0.0 0.6666666666666666 1.0 1.0 0.6 0.75 nan nan nan nan 
435 19368953857421.875 32 nan 1.0 nan 0.8 0.5 nan 1.0 0.5 0.0 0.8 1.0 nan nan nan 1.0 
436 88274570312500.0 19 nan nan nan 1.0 1.0 nan 1.0 1.0 0.0 1.0 nan nan nan nan 0.0 
437 88862568359375.0 70 nan nan nan 1.0 1.0 1.0 1.0 1.0 nan 0.8928571428571429 0.5555555555555556 0.3333333333333333 0.0 0.0 nan 
438 5878142700195.3125 9 nan nan nan 1.0 nan nan nan nan nan 1.0 1.0 1.0 nan nan nan 
439 30127668457031.25 9 nan 0.0 nan 0.0 1.0 nan 1.0 nan nan 1.0 nan nan nan nan 1.0 
440 53078945312500.0 19 nan nan nan 1.0 1.0 nan 1.0 1.0 nan 1.0 1.0 nan nan nan nan 
441 86079101562500.0 154 1.0 1.0 nan 1.0 1.0 nan 1.0 0.9615384615384616 1.0 0.9743589743589743 0.8888888888888888 1.0 1.0 nan nan 
442 37262270507812.5 10 nan nan nan 1.0 nan nan 1.0 0.0 nan 1.0 1.0 nan 1.0 nan 0.0 
443 3436906433105.4688 2 nan nan nan nan nan nan 1.0 nan nan nan nan nan nan nan nan 
444 56603120117187.5 74 1.0 1.0 nan 1.0 1.0 nan 0.9285714285714286 0.6666666666666666 nan 0.9090909090909091 0.75 0.5 1.0 1.0 nan 
445 118605468750000.0 294 1.0 1.0 0.5 1.0 1.0 1.0 1.0 0.6956521739130435 0.875 0.961038961038961 0.7377049180327869 0.85 0.9166666666666666 0.7647058823529411 1.0 
447 6282348632812.5 41 nan nan nan 1.0 1.0 nan 1.0 0.5 nan 0.9090909090909091 0.6 1.0 1.0 1.0 1.0 
448 20031572265625.0 235 1.0 1.0 nan 0.9375 0.5 nan 0.813953488372093 1.0 0.5 0.9285714285714286 0.75 0.5714285714285714 0.75 0.6666666666666666 nan 
449 227122910156250.0 723 1.0 1.0 1.0 1.0 1.0 0.8181818181818182 0.9917355371900827 0.8831168831168831 0.8148148148148148 0.9890710382513661 0.8175675675675675 0.6282051282051282 nan 0.8 0.3333333333333333 
450 22683115234375.0 5 nan nan nan nan nan nan 0.0 1.0 0.0 nan nan nan nan 1.0 nan 
451 10972076416015.625 21 1.0 nan 1.0 0.42857142857142855 0.0 nan 1.0 0.0 0.0 0.5 nan nan nan 1.0 nan 
452 217804003906250.0 47 nan nan 1.0 1.0 1.0 1.0 1.0 1.0 0.8571428571428571 0.8 0.75 0.0 nan nan 1.0 
454 41885605468750.0 70 1.0 1.0 1.0 0.8181818181818182 1.0 1.0 0.8571428571428571 0.6666666666666666 0.0 0.8235294117647058 0.5 0.0 nan nan nan 
455 44619155273437.5 17 nan nan nan nan nan nan 0.8333333333333334 0.0 0.0 0.75 0.0 1.0 nan nan 0.0 
456 253139218750000.0 39 nan nan nan 1.0 1.0 1.0 1.0 1.0 1.0 1.0 1.0 nan nan nan 1.0 
457 53412578125000.0 51 nan 1.0 nan 1.0 1.0 0.0 0.8461538461538461 0.75 0.6 0.5 0.6 0.0 1.0 nan nan 
458 21499104003906.25 49 nan nan nan 1.0 1.0 nan 0.75 0.7777777777777778 0.6666666666666666 1.0 1.0 1.0 nan nan nan 
459 34624094238281.25 34 nan nan nan nan 1.0 1.0 0.75 0.6666666666666666 0.0 0.8571428571428571 0.7142857142857143 1.0 1.0 nan nan 
460 46060341796875.0 24 nan nan nan 1.0 nan nan 1.0 0.5 0.0 1.0 0.6666666666666666 0.0 nan nan 0.0 
461 13260872802734.375 21 nan nan nan 0.0 nan 0.0 0.8571428571428571 0.0 nan 0.875 1.0 nan nan nan 0.0 
462 130184355468750.0 39 1.0 1.0 nan 1.0 nan 1.0 0.8461538461538461 0.6 0.0 1.0 0.4 0.25 nan nan nan 
463 10759650878906.25 8 nan nan nan 1.0 nan 0.0 nan 0.5 nan nan 1.0 nan 1.0 nan nan 
464 1543748750000000.0 1238 1.0 1.0 1.0 1.0 1.0 1.0 0.9977628635346756 0.9917355371900827 1.0 0.9620689655172414 0.8311688311688312 0.7692307692307693 1.0 1.0 1.0 
465 60841918945312.5 57 1.0 nan nan 1.0 1.0 1.0 1.0 1.0 nan 1.0 1.0 0.0 nan nan 1.0 
466 3524932250976.5625 12 nan nan nan nan nan nan 1.0 1.0 nan 1.0 0.5 nan 1.0 nan nan 
467 6384449462890.625 2 nan nan nan nan nan 0.0 nan nan nan nan nan nan nan nan 0.0 
468 30885354003906.25 3 nan nan nan nan nan nan nan nan nan 0.0 nan nan 0.0 nan nan 
469 17154525146484.375 17 nan nan 1.0 nan nan 1.0 1.0 0.5 nan 0.3333333333333333 0.0 0.0 nan 1.0 nan 
470 44199028320312.5 66 nan nan 1.0 1.0 1.0 1.0 1.0 1.0 0.5 1.0 0.6666666666666666 0.5 1.0 nan nan 
471 10405080566406.25 35 nan nan nan nan 1.0 1.0 0.8 1.0 nan 1.0 0.4 0.0 1.0 0.0 nan 
472 36797563476562.5 28 1.0 nan nan 1.0 nan nan 1.0 1.0 nan 0.7777777777777778 1.0 nan nan nan 1.0 
473 11654105224609.375 7 nan nan nan nan 0.0 nan 0.0 0.0 nan 0.0 nan nan nan nan 0.0 
474 23892861328125.0 11 nan nan nan 1.0 1.0 nan 1.0 1.0 nan nan 0.0 nan nan nan nan 
475 643428593750000.0 596 1.0 1.0 1.0 1.0 1.0 1.0 1.0 0.9811320754716981 1.0 0.9166666666666666 1.0 1.0 0.9555555555555556 0.8181818181818182 0.5 
476 7966046142578.125 2 nan nan nan nan nan nan nan nan nan 0.0 nan nan nan nan 0.0 
477 14128135986328.125 32 nan nan 0.0 1.0 nan 0.0 0.6666666666666666 0.5 0.0 0.75 0.0 0.0 nan nan nan 
478 21235087890625.0 27 nan nan nan 1.0 0.3333333333333333 nan 1.0 nan 1.0 1.0 0.2 nan nan nan nan 
479 347714726562500.0 975 1.0 1.0 1.0 1.0 1.0 1.0 1.0 0.9850746268656716 1.0 0.9565217391304348 0.896551724137931 0.8205128205128205 0.9937106918238994 0.8888888888888888 0.9473684210526315 
480 26045883789062.5 22 nan nan nan 1.0 1.0 nan 1.0 1.0 nan 0.8571428571428571 1.0 1.0 1.0 nan 1.0 
481 137983847656250.0 29 nan nan nan 0.6666666666666666 0.5 nan 0.3333333333333333 0.2 0.3333333333333333 0.6666666666666666 0.5 0.0 nan nan 0.0 
482 718827734375000.0 446 1.0 1.0 1.0 1.0 0.9629629629629629 0.8571428571428571 0.9761904761904762 0.8484848484848485 0.5652173913043478 0.8928571428571429 0.7575757575757576 0.23809523809523808 1.0 1.0 1.0 
483 21636350097656.25 2 nan nan nan nan nan nan 1.0 nan nan nan nan nan nan 1.0 nan 
484 27662839355468.75 5 1.0 nan nan nan nan nan 1.0 nan nan 1.0 nan nan nan nan nan 
485 308482128906250.0 886 1.0 1.0 1.0 1.0 1.0 1.0 0.9923076923076923 0.9594594594594594 0.9230769230769231 0.9796511627906976 0.9459459459459459 0.8536585365853658 1.0 1.0 1.0 
486 2624809062500000.0 771 1.0 1.0 1.0 1.0 1.0 0.8 0.9956896551724138 0.9875 0.7857142857142857 0.9652173913043478 0.9444444444444444 0.5 1.0 nan 1.0 
487 374684960937500.0 149 1.0 nan 1.0 1.0 0.875 0.0 0.9285714285714286 0.7857142857142857 0.8333333333333334 0.9032258064516129 0.7058823529411765 0.6666666666666666 nan nan 1.0 
488 12877701416015.625 16 nan nan nan 1.0 nan nan 1.0 nan 0.0 0.8571428571428571 0.25 1.0 nan nan nan 
489 27129645996093.75 20 nan nan nan 1.0 nan 1.0 1.0 0.6666666666666666 1.0 1.0 nan nan nan nan 0.0 
490 49847119140625.0 67 1.0 1.0 0.0 0.8571428571428571 1.0 1.0 0.875 0.75 0.3 0.9090909090909091 0.3333333333333333 0.6666666666666666 nan nan nan 
491 21821843261718.75 17 nan nan nan 1.0 1.0 nan 1.0 0.5 nan 0.7142857142857143 0.5 nan nan nan 0.0 
492 19659552001953.125 47 nan nan nan nan 0.0 0.0 1.0 0.0 0.0 0.4166666666666667 0.1111111111111111 0.3333333333333333 0.5 nan nan 
493 23131791992187.5 13 nan nan nan 1.0 1.0 nan 1.0 1.0 0.0 0.5 nan nan nan nan nan 
494 16400635986328.125 10 nan nan nan nan 1.0 nan 1.0 0.5 nan 1.0 nan nan nan 1.0 1.0 
495 86191328125000.0 70 nan 1.0 nan 1.0 1.0 nan 0.8888888888888888 1.0 1.0 0.6666666666666666 0.4166666666666667 0.14285714285714285 1.0 nan nan 
496 6612980346679.6875 10 nan nan 1.0 nan nan nan 1.0 0.0 nan 0.25 1.0 nan nan nan nan 
497 39670249023437.5 28 nan 1.0 nan 1.0 0.6666666666666666 1.0 0.8333333333333334 0.6666666666666666 0.5 1.0 0.0 nan nan nan 1.0 
498 153485283203125.0 187 1.0 nan 1.0 1.0 1.0 1.0 1.0 0.9090909090909091 0.7142857142857143 0.9855072463768116 0.9310344827586207 0.7 1.0 1.0 nan 
499 9355907592773.438 8 1.0 nan nan 1.0 nan nan 0.0 0.0 nan 0.0 nan nan 0.0 nan nan 
500 10084321289062.5 5 nan nan nan nan nan nan 0.5 0.5 nan nan nan nan nan nan 1.0 
501 17770979003906.25 17 1.0 nan nan nan nan nan 1.0 1.0 1.0 0.8 0.0 nan 1.0 nan 1.0 
502 84965605468750.0 73 1.0 nan nan 1.0 1.0 nan 1.0 1.0 nan 0.9285714285714286 1.0 1.0 1.0 1.0 nan 
503 22097978515625.0 12 nan nan nan 1.0 nan nan 1.0 1.0 nan 0.5 nan nan nan nan nan 
504 29347480468750.0 33 nan 1.0 1.0 1.0 1.0 nan 1.0 1.0 1.0 1.0 1.0 nan 1.0 nan nan 
505 21799758300781.25 9 nan nan nan nan 1.0 nan 0.5 0.5 0.0 nan 0.0 1.0 nan 0.0 nan 
506 8613192749023.4375 5 nan nan nan nan nan nan 1.0 0.5 1.0 nan nan nan nan nan 1.0 
507 12384837646484.375 17 nan 1.0 nan nan 1.0 nan 0.0 0.0 nan 1.0 0.0 0.0 nan 0.0 0.0 
508 13751212158203.125 12 0.0 nan nan 1.0 nan 0.0 1.0 1.0 nan 1.0 0.0 0.0 nan 0.0 nan 
509 65785874023437.5 48 1.0 nan 1.0 1.0 1.0 nan 0.9411764705882353 1.0 nan 0.5714285714285714 1.0 nan nan nan nan 
510 199658613281250.0 97 1.0 nan nan 1.0 1.0 nan 1.0 1.0 1.0 1.0 1.0 nan 1.0 nan 1.0 