0 103993447265625.0 36 1.0 1.0 nan 0.9230769230769231 0.5 nan 0.5454545454545454 0.3333333333333333 nan nan nan 0.0 
1 18499222412109.375 8 1.0 nan nan 1.0 nan nan 0.0 0.0 nan nan nan nan 
2 756052578125000.0 94 1.0 1.0 nan 1.0 1.0 nan 1.0 1.0 nan 1.0 nan 1.0 
3 20616391601562.5 45 0.5 nan nan 1.0 nan 0.0 0.2 0.3333333333333333 0.0 0.21428571428571427 0.0 0.0 
4 67820849609375.0 31 nan 1.0 nan 0.6666666666666666 0.3333333333333333 nan 0.2727272727272727 0.25 nan 0.0 nan nan 
5 18050224609375.0 4 0.5 nan nan 0.0 nan nan nan nan nan nan nan nan 
6 175182011718750.0 168 1.0 1.0 nan 0.85 0.8 nan 0.7872340425531915 0.3333333333333333 0.75 0.8461538461538461 0.16666666666666666 1.0 
7 31474702148437.5 32 1.0 1.0 nan 0.6666666666666666 0.6666666666666666 nan 0.5714285714285714 0.3333333333333333 nan 1.0 nan nan 
8 12380202636718.75 5 1.0 nan nan 1.0 nan nan 1.0 nan nan nan nan nan 
9 88636582031250.0 54 1.0 1.0 nan 0.8 0.6666666666666666 nan 0.42857142857142855 0.5 nan 1.0 nan 1.0 
10 27617988281250.0 9 0.0 1.0 nan 0.3333333333333333 nan nan 0.0 nan nan nan nan nan 
11 154123710937500.0 66 1.0 1.0 nan 1.0 1.0 nan 0.875 1.0 nan 1.0 0.5 nan 
12 8208830566406.25 32 1.0 1.0 nan 0.8571428571428571 1.0 nan 0.9 0.3333333333333333 nan 1.0 1.0 nan 
13 103804384765625.0 69 1.0 1.0 nan 0.9 0.75 nan 0.46875 0.25 0.0 0.5 nan nan 
15 249844960937500.0 62 1.0 1.0 nan 0.5909090909090909 0.6 nan 0.5 0.0 nan 1.0 1.0 0.0 
16 142601855468750.0 77 1.0 nan nan 0.9555555555555556 1.0 1.0 0.75 1.0 nan nan nan nan 
17 10733402099609.375 11 nan nan nan 0.5 nan nan 0.2857142857142857 0.0 nan nan nan nan 
18 146568505859375.0 39 1.0 1.0 nan 1.0 1.0 1.0 0.6666666666666666 0.5 nan 1.0 nan nan 
19 19399882812500.0 8 nan nan nan 0.0 nan nan 0.3333333333333333 0.0 nan nan 0.0 nan 
20 89449687500000.0 26 1.0 1.0 nan 1.0 1.0 nan 0.875 0.5 nan nan 1.0 0.0 
21 46399804687500.0 20 1.0 nan nan 1.0 nan nan 1.0 nan nan 1.0 1.0 nan 
22 216435703125000.0 12 1.0 nan nan 1.0 nan nan 1.0 nan nan nan 0.0 nan 
23 37979436035156.25 31 1.0 1.0 nan 1.0 0.25 0.0 1.0 0.25 nan nan nan nan 
24 18667209472656.25 8 1.0 nan nan nan nan nan 0.8 0.0 nan nan nan nan 
25 114883544921875.0 168 1.0 1.0 nan 0.9672131147540983 1.0 nan 0.9454545454545454 1.0 1.0 1.0 1.0 1.0 
26 75395571289062.5 5 1.0 nan nan 0.5 0.0 nan nan nan nan nan nan nan 
27 277038339843750.0 496 1.0 1.0 nan 0.9873417721518988 0.9444444444444444 nan 0.94 1.0 1.0 0.924812030075188 0.9354838709677419 0.2 
28 10447738037109.375 10 1.0 nan nan 0.0 0.0 nan 0.0 0.0 nan nan nan nan 
29 71992192382812.5 24 1.0 1.0 nan 1.0 0.5 nan 0.3333333333333333 0.0 nan 0.3333333333333333 0.0 0.0 
30 34524260253906.25 53 1.0 nan nan 1.0 0.8333333333333334 nan 0.75 0.14285714285714285 nan 1.0 nan 1.0 
31 181805859375000.0 29 1.0 nan 1.0 1.0 1.0 nan 0.9090909090909091 1.0 nan 1.0 nan nan 
32 80601904296875.0 26 1.0 0.0 nan 0.38461538461538464 1.0 nan 0.42857142857142855 nan nan 1.0 nan nan 
33 157384726562500.0 17 1.0 1.0 nan 1.0 0.6666666666666666 nan nan nan nan nan nan 1.0 
34 178154375000000.0 44 1.0 nan nan 1.0 1.0 nan 1.0 1.0 nan nan nan nan 
35 33426843261718.75 9 1.0 0.0 nan 0.5 0.0 nan 1.0 nan nan nan nan nan 
36 92029521484375.0 66 1.0 1.0 nan 1.0 0.6 0.5 0.625 0.375 0.5 nan 1.0 1.0 
37 311139472656250.0 9 1.0 1.0 nan nan 1.0 1.0 nan nan nan 1.0 nan nan 
38 263994765625000.0 50 1.0 nan nan 1.0 1.0 nan 0.8333333333333334 1.0 nan 1.0 nan 0.0 
39 37843220214843.75 43 nan 0.6666666666666666 nan 0.8571428571428571 0.7 1.0 1.0 0.42857142857142855 1.0 1.0 1.0 0.0 
41 109815712890625.0 27 0.6666666666666666 nan nan 0.4 0.0 nan 0.0 0.5 nan 1.0 nan nan 
42 43269794921875.0 9 0.75 nan nan 0.3333333333333333 nan nan 0.0 nan nan nan 1.0 nan 
43 246961230468750.0 126 1.0 nan nan 0.9629629629629629 1.0 nan 0.9782608695652174 0.8333333333333334 0.0 0.8076923076923077 0.4 0.0 
45 63544052734375.0 27 nan 1.0 1.0 0.8333333333333334 0.5 nan 0.8 0.25 1.0 1.0 nan 1.0 
46 28421589355468.75 4 1.0 nan nan nan nan nan 1.0 nan nan nan 0.5 nan 
47 146414580078125.0 43 1.0 1.0 nan 1.0 nan nan 0.8235294117647058 1.0 nan 1.0 nan 1.0 
48 57833295898437.5 41 0.75 0.0 1.0 0.42857142857142855 0.0 nan 0.9090909090909091 0.5 1.0 1.0 1.0 0.0 
49 15440462646484.375 5 1.0 nan nan nan nan nan 0.3333333333333333 nan nan 1.0 nan nan 
50 232353632812500.0 52 1.0 1.0 nan 0.8666666666666667 0.6 0.0 0.6875 0.0 nan nan nan 1.0 
51 7324923706054.6875 28 nan nan nan 0.4 nan nan 0.2857142857142857 0.5 nan 0.2 0.0 nan 
52 81220625000000.0 54 1.0 1.0 0.0 1.0 0.625 0.5 0.8 0.5 nan nan 1.0 0.0 
54 185990449218750.0 88 1.0 1.0 nan 0.9629629629629629 0.9166666666666666 1.0 0.9473684210526315 0.4 1.0 1.0 1.0 1.0 
55 23766899414062.5 3 1.0 nan nan 1.0 nan nan nan nan nan nan 0.0 nan 
56 13553682861328.125 3 nan nan nan 1.0 nan nan nan nan nan nan nan nan 
57 91579785156250.0 22 0.5 1.0 nan 1.0 1.0 nan 0.8333333333333334 0.5 nan nan 1.0 1.0 
58 28395358886718.75 32 1.0 1.0 nan 1.0 1.0 nan 0.4444444444444444 1.0 nan nan nan 1.0 
59 169974042968750.0 88 1.0 1.0 nan 0.9310344827586207 1.0 1.0 0.9473684210526315 0.3333333333333333 0.5 1.0 0.0 nan 
60 8901409912109.375 13 1.0 nan nan 0.0 nan nan 0.6666666666666666 nan nan 0.6 0.5 nan 
61 130180029296875.0 36 0.8 1.0 nan 0.9090909090909091 0.8 nan 0.5454545454545454 1.0 nan nan 1.0 nan 
63 268857246093750.0 380 0.9833333333333333 1.0 nan 0.987012987012987 1.0 nan 0.8762886597938144 1.0 0.5 1.0 1.0 nan 
64 55724018554687.5 18 1.0 0.6666666666666666 nan 1.0 nan nan 0.4 0.0 nan 1.0 0.0 nan 
65 11036832275390.625 18 nan nan nan 0.75 0.5 nan 0.5714285714285714 1.0 nan 1.0 nan nan 
66 118542343750000.0 45 1.0 nan nan 0.3076923076923077 0.0 nan 0.2 0.125 1.0 nan 0.0 nan 
67 14651885986328.125 22 1.0 nan nan 0.9090909090909091 nan nan 1.0 nan nan 1.0 nan nan 
68 547928750000000.0 216 1.0 1.0 1.0 1.0 1.0 1.0 1.0 1.0 nan nan 1.0 0.0 
69 76667744140625.0 18 1.0 nan nan 1.0 nan nan 0.625 1.0 0.0 nan nan 0.0 
70 209303125000000.0 53 1.0 1.0 nan 1.0 1.0 nan 1.0 1.0 nan 1.0 1.0 nan 
71 37429362792968.75 14 1.0 nan nan 0.5 0.0 nan 0.8 0.0 nan 1.0 nan nan 
72 20339136962890.625 12 1.0 1.0 nan 0.5 1.0 nan 0.0 1.0 1.0 nan nan nan 
73 132014150390625.0 32 1.0 nan nan 0.7142857142857143 0.0 nan 0.5714285714285714 0.25 nan 0.625 1.0 0.5 
74 149374619140625.0 58 0.9090909090909091 1.0 nan 0.9259259259259259 0.75 0.0 0.8333333333333334 1.0 nan 1.0 1.0 1.0 
75 301412812500000.0 110 1.0 1.0 0.5 0.8636363636363636 0.7142857142857143 0.0 0.6097560975609756 0.06666666666666667 0.0 0.8333333333333334 0.5 nan 
76 7899136352539.0625 14 nan nan 0.0 0.0 0.0 nan 0.6666666666666666 0.0 0.0 nan 0.0 0.0 
77 86973027343750.0 18 nan nan nan 0.7 1.0 nan 0.3333333333333333 nan nan nan 0.0 nan 
78 32625427246093.75 2 nan nan nan nan nan nan 0.0 nan nan nan nan nan 
79 210135117187500.0 57 1.0 nan nan 0.967741935483871 1.0 0.0 0.5555555555555556 1.0 nan 1.0 nan 0.0 
80 105529140625000.0 4 1.0 nan nan 1.0 nan nan nan nan nan nan 1.0 nan 
82 255278398437500.0 47 1.0 0.0 nan 0.6666666666666666 0.0 0.0 0.3333333333333333 0.0 nan 1.0 nan 0.0 
83 87623486328125.0 118 1.0 1.0 nan 0.96 1.0 nan 0.9285714285714286 1.0 nan 0.9375 1.0 0.5 
85 16184313964843.75 4 nan nan nan 0.0 nan nan 0.5 nan nan 1.0 nan nan 
86 163877265625000.0 94 1.0 1.0 nan 0.8333333333333334 0.8461538461538461 nan 0.8 0.6666666666666666 1.0 1.0 1.0 nan 
87 22463662109375.0 6 nan 1.0 nan 1.0 nan nan 1.0 nan nan 1.0 nan nan 
88 13141962890625.0 22 nan 1.0 nan 1.0 1.0 1.0 0.42857142857142855 0.3333333333333333 nan nan nan 1.0 
89 67522412109375.0 20 1.0 nan nan 1.0 nan nan 1.0 nan nan 1.0 1.0 nan 
90 31128559570312.5 10 1.0 nan nan 1.0 nan nan 0.3333333333333333 0.0 nan nan nan nan 
91 130331904296875.0 51 1.0 nan nan 0.8 0.0 nan 0.7333333333333333 1.0 nan 1.0 0.0 0.0 
92 13937562255859.375 36 1.0 1.0 nan 1.0 1.0 nan 0.9411764705882353 0.75 nan nan 0.0 nan 
93 105826357421875.0 27 1.0 nan nan 1.0 1.0 nan 1.0 nan nan nan 0.0 nan 
94 41648442382812.5 6 nan nan nan 1.0 nan nan 0.5 0.0 nan nan nan nan 
95 245395449218750.0 112 1.0 1.0 nan 0.9615384615384616 0.9 1.0 0.7272727272727273 1.0 nan 1.0 1.0 1.0 
96 88000888671875.0 42 1.0 1.0 nan 1.0 1.0 nan 1.0 1.0 nan 1.0 1.0 nan 
97 28688374023437.5 16 1.0 0.0 nan nan 0.0 nan 0.0 0.0 nan nan nan 0.0 
98 222814824218750.0 31 1.0 nan nan 0.7777777777777778 0.5 nan 0.4 1.0 nan 1.0 nan nan 
99 36483415527343.75 26 nan 0.0 nan 1.0 nan nan 0.25 0.0 nan 0.625 0.25 0.0 
100 50164140625000.0 53 1.0 1.0 nan 0.8571428571428571 nan nan 0.7307692307692307 0.0 nan 1.0 nan 0.0 
101 9414797363281.25 2 nan nan nan nan nan nan nan 0.0 nan nan nan nan 
102 140890302734375.0 18 nan 1.0 nan 0.7142857142857143 0.5 nan 0.75 1.0 nan nan 1.0 nan 
103 20184025878906.25 18 1.0 nan nan 0.6666666666666666 0.0 nan 0.2 0.0 nan nan nan nan 
104 25334594726562.5 7 1.0 nan nan 1.0 nan nan 1.0 nan nan nan nan 1.0 
105 85809736328125.0 47 1.0 nan nan 0.8888888888888888 1.0 nan 0.9 1.0 1.0 0.9375 1.0 1.0 
106 38820195312500.0 9 1.0 nan nan 0.75 nan nan 0.0 nan nan nan nan nan 
107 197409218750000.0 62 1.0 nan 1.0 0.8181818181818182 0.75 1.0 0.6666666666666666 0.5 0.5 0.625 0.5 nan 
108 25652470703125.0 51 1.0 nan nan 0.5 nan 0.0 0.5833333333333334 0.0 nan 0.5789473684210527 0.0 0.6666666666666666 
109 119418310546875.0 23 1.0 0.0 nan 1.0 nan nan 0.8333333333333334 0.0 nan 1.0 nan nan 
110 85468945312500.0 35 1.0 nan nan 1.0 1.0 nan 1.0 1.0 1.0 nan nan 1.0 
111 298153281250000.0 89 1.0 1.0 nan 0.8636363636363636 0.6 nan 0.5277777777777778 0.36363636363636365 nan 1.0 1.0 nan 
112 70702524414062.5 34 0.6 1.0 0.0 1.0 1.0 nan 0.625 0.5 nan nan 1.0 0.0 
113 11632553710937.5 3 nan nan nan nan 1.0 nan nan nan nan 1.0 1.0 nan 
114 187134531250000.0 72 1.0 1.0 0.0 0.875 0.25 1.0 0.9 0.42857142857142855 0.5 1.0 nan nan 
115 20010897216796.875 25 1.0 nan nan 0.8 0.0 0.0 1.0 nan nan 0.5 0.0 nan 
117 63712641601562.5 11 nan 1.0 nan 1.0 1.0 nan 1.0 nan nan nan 1.0 nan 
118 273915273437500.0 77 1.0 1.0 1.0 0.96 0.75 1.0 0.8 0.5714285714285714 1.0 nan nan 1.0 
119 51415083007812.5 11 1.0 nan nan 0.6666666666666666 0.5 nan 0.75 nan nan nan nan 1.0 
120 25997985839843.75 9 nan nan 1.0 nan 0.6666666666666666 nan 0.0 1.0 nan nan nan nan 
121 103997187500000.0 120 1.0 1.0 nan 0.9782608695652174 0.8181818181818182 nan 0.84375 0.5 nan 1.0 1.0 nan 
122 51072827148437.5 11 nan 0.0 nan 1.0 1.0 nan 1.0 0.5 0.0 nan 0.0 nan 
123 173213222656250.0 166 1.0 0.8333333333333334 nan 1.0 0.868421052631579 0.5 0.5769230769230769 0.5454545454545454 1.0 0.9444444444444444 1.0 0.0 
124 4608048095703.125 5 1.0 nan nan nan 0.0 nan 0.0 nan nan 1.0 nan nan 
125 65006171875000.0 7 nan nan nan 0.6666666666666666 1.0 nan 0.5 nan nan nan 1.0 nan 
126 27909360351562.5 11 1.0 nan nan 0.6 nan nan 0.0 0.0 nan nan nan nan 
127 153895703125000.0 36 1.0 1.0 nan 1.0 1.0 nan 0.625 1.0 nan 0.6666666666666666 1.0 0.0 
128 636518515625000.0 162 1.0 1.0 nan 1.0 1.0 nan 1.0 1.0 nan 1.0 1.0 1.0 
129 11552069091796.875 14 1.0 0.0 nan nan nan nan 0.25 0.0 nan 1.0 0.5 0.0 
130 670723437500000.0 130 1.0 1.0 1.0 1.0 0.9411764705882353 1.0 0.8888888888888888 0.4444444444444444 nan nan 1.0 0.5 
131 58787001953125.0 123 0.5 0.0 1.0 0.6666666666666666 0.375 0.6666666666666666 0.6666666666666666 0.3333333333333333 0.3333333333333333 0.0 0.5 nan 
132 221897539062500.0 25 1.0 1.0 nan 1.0 0.5 nan 0.6666666666666666 0.0 nan nan nan 1.0 
133 2154257049560.5469 4 nan nan nan 1.0 1.0 nan 1.0 nan nan nan nan nan 
134 168214199218750.0 34 1.0 nan nan 0.7692307692307693 0.75 nan 0.7 0.3333333333333333 nan nan nan 1.0 
135 23013388671875.0 27 1.0 1.0 nan 1.0 1.0 nan 0.8571428571428571 1.0 nan 0.75 nan nan 
136 18104320068359.375 4 nan nan nan 1.0 nan nan 1.0 nan nan nan nan nan 
137 26268269042968.75 57 1.0 nan nan 0.8235294117647058 1.0 nan 0.6 0.75 nan 0.8 nan 1.0 
139 288106289062500.0 27 1.0 1.0 nan 0.9166666666666666 nan nan 1.0 nan nan nan nan 0.5 
140 64768315429687.5 19 1.0 nan nan 0.7142857142857143 nan nan 0.5 nan nan 1.0 1.0 nan 
141 20944460449218.75 16 1.0 nan nan 1.0 nan nan 0.5 0.0 nan nan 1.0 nan 
142 8707108764648.4375 16 0.14285714285714285 0.0 nan 0.8 nan nan nan 0.0 nan nan nan 0.0 
143 144795625000000.0 82 0.8 0.6666666666666666 nan 0.8636363636363636 0.5882352941176471 1.0 0.5263157894736842 0.375 1.0 1.0 nan 0.0 
144 13502238769531.25 16 1.0 nan nan 0.5 0.5 nan 0.0 0.0 0.0 0.5 0.3333333333333333 nan 
145 579187734375000.0 28 1.0 nan 1.0 1.0 0.0 nan 1.0 0.2857142857142857 0.0 nan 1.0 1.0 
146 44527465820312.5 25 1.0 1.0 nan 0.8571428571428571 1.0 nan 0.6666666666666666 1.0 nan 1.0 nan nan 
147 705216093750000.0 41 1.0 nan nan 0.8571428571428571 0.9 1.0 0.8571428571428571 1.0 nan 1.0 nan 1.0 
148 77432871093750.0 118 1.0 1.0 nan 0.975 1.0 nan 0.925 1.0 nan 1.0 1.0 nan 
150 129410068359375.0 80 1.0 1.0 nan 0.9705882352941176 1.0 1.0 0.95 0.6666666666666666 nan nan 1.0 nan 
151 57184877929687.5 11 1.0 1.0 nan 1.0 nan nan 0.5 nan nan nan nan nan 
152 345155234375000.0 323 1.0 1.0 1.0 0.9824561403508771 0.9302325581395349 0.8333333333333334 0.9148936170212766 0.625 0.6666666666666666 0.5263157894736842 0.45454545454545453 0.14285714285714285 
153 62621835937500.0 161 1.0 1.0 1.0 0.9767441860465116 1.0 1.0 0.9285714285714286 0.8888888888888888 nan 0.782608695652174 1.0 0.0 
154 204437968750000.0 58 1.0 nan nan 0.8888888888888888 1.0 nan 0.7 1.0 nan 0.75 0.0 nan 
155 2610054375000000.0 422 1.0 1.0 nan 1.0 1.0 1.0 1.0 1.0 1.0 1.0 nan 1.0 
156 1340267333984.375 1 nan nan nan nan nan nan nan nan nan nan nan nan 
157 59980341796875.0 182 1.0 1.0 nan 0.9333333333333333 0.5714285714285714 nan 0.8723404255319149 0.47619047619047616 0.0 0.9230769230769231 0.5416666666666666 1.0 
158 915777656250000.0 470 1.0 1.0 1.0 1.0 1.0 1.0 0.968503937007874 0.9285714285714286 1.0 1.0 1.0 1.0 
159 293173652343750.0 93 1.0 0.6666666666666666 nan 0.9642857142857143 0.9615384615384616 1.0 0.5833333333333334 0.9166666666666666 nan 1.0 1.0 nan 
160 16390898437500.0 25 1.0 0.5 nan 0.5 1.0 nan 0.4 1.0 nan 1.0 nan 1.0 
161 259560273437500.0 225 1.0 0.875 1.0 1.0 0.9117647058823529 1.0 1.0 0.7777777777777778 1.0 1.0 1.0 nan 
163 102865419921875.0 46 1.0 1.0 nan 0.9090909090909091 0.5555555555555556 nan 0.7777777777777778 0.125 nan 1.0 nan nan 
164 80001430664062.5 7 nan nan nan 0.6666666666666666 nan nan 1.0 nan nan 0.5 nan nan 
165 259992246093750.0 20 1.0 1.0 1.0 1.0 1.0 1.0 nan nan nan nan nan 1.0 
166 122003955078125.0 43 1.0 1.0 nan 0.8125 0.25 1.0 0.9090909090909091 0.6 1.0 1.0 nan nan 
167 17846972656250.0 79 1.0 0.0 nan 0.7692307692307693 1.0 0.5 0.8 0.25 0.25 0.5135135135135135 0.5 0.0 
168 1531343593750000.0 901 1.0 0.9736842105263158 1.0 0.9637462235649547 0.7093023255813954 0.6666666666666666 0.7325581395348837 0.5 0.8181818181818182 0.9090909090909091 0.8 1.0 
169 241739667968750.0 36 1.0 nan nan 1.0 0.5 nan 0.625 nan nan nan 0.0 nan 
170 24493161621093.75 19 1.0 nan 0.0 1.0 0.0 nan 0.0 0.0 nan 1.0 nan 0.0 
172 7908502807617.1875 10 1.0 0.0 nan 1.0 nan nan 0.6 nan nan nan nan nan 
173 3770215148925.7812 2 nan nan nan 0.0 nan nan nan nan nan nan 1.0 nan 
174 1248402734375000.0 635 1.0 0.9696969696969697 1.0 0.9593023255813954 0.9014084507042254 1.0 0.7755102040816326 0.6545454545454545 1.0 0.8412698412698413 0.7843137254901961 1.0 
175 111280458984375.0 20 nan nan nan 0.0 1.0 nan 0.6 0.0 nan 0.2 nan 0.0 
176 13099237060546.875 31 1.0 0.0 nan 0.75 0.6666666666666666 nan 0.5 1.0 nan 1.0 1.0 nan 
177 23288632812500.0 10 1.0 nan nan 1.0 0.0 nan 1.0 nan nan nan 1.0 nan 
178 4216526794433.5938 28 nan nan nan 1.0 nan nan 0.5454545454545454 nan nan 0.625 0.0 0.0 
179 64722416992187.5 11 1.0 nan nan 1.0 nan nan 0.75 1.0 nan nan nan nan 
180 29786213378906.25 10 nan nan nan nan 0.0 nan 0.3333333333333333 1.0 nan nan 0.0 nan 
181 24723139648437.5 12 0.0 nan nan 1.0 nan nan 0.5 nan nan 0.3333333333333333 0.5 nan 
182 22677360839843.75 7 1.0 nan nan 1.0 nan nan 1.0 nan nan 1.0 nan nan 
183 1214862890625000.0 166 1.0 1.0 nan 0.9855072463768116 1.0 1.0 0.98 1.0 1.0 1.0 nan nan 
184 6296179199218.75 16 nan nan nan 0.5 0.0 nan 0.0 0.0 0.0 nan 0.0 nan 
185 150069707031250.0 70 1.0 1.0 1.0 0.9090909090909091 1.0 1.0 1.0 0.8888888888888888 1.0 nan 1.0 nan 
186 1027461318969.7266 5 1.0 nan nan 0.0 nan nan nan 0.0 nan 0.0 0.0 nan 
187 588721640625000.0 96 1.0 1.0 nan 1.0 1.0 nan 1.0 1.0 1.0 nan 1.0 nan 
188 55334897460937.5 23 1.0 nan nan 0.8 0.0 nan 0.0 nan nan nan nan 1.0 
189 172118496093750.0 12 1.0 nan 1.0 1.0 0.0 nan 0.3333333333333333 nan nan nan nan nan 
190 79546972656250.0 15 1.0 nan nan 1.0 nan 1.0 1.0 1.0 nan 1.0 1.0 nan 
191 441835468750000.0 289 1.0 1.0 1.0 0.9803921568627451 1.0 1.0 0.8450704225352113 0.96 1.0 1.0 1.0 nan 
192 93516054687500.0 29 1.0 1.0 nan 0.625 0.0 nan 0.6666666666666666 0.0 nan 1.0 0.5 nan 
193 339748398437500.0 19 1.0 1.0 1.0 1.0 1.0 1.0 nan nan nan nan 1.0 nan 
194 20399720458984.375 13 nan 0.0 nan 0.5 0.0 nan 0.3333333333333333 0.0 nan 0.0 nan nan 
195 113047597656250.0 30 1.0 nan nan 0.8571428571428571 0.6666666666666666 nan 0.7142857142857143 0.0 nan nan 0.0 nan 
196 133823447265625.0 17 nan nan nan 0.8571428571428571 0.6666666666666666 nan 0.2 nan nan 1.0 nan nan 
197 80373188476562.5 58 1.0 nan nan 1.0 1.0 nan 0.7368421052631579 0.5 nan 1.0 1.0 1.0 
198 123675156250000.0 54 0.9 1.0 nan 1.0 1.0 nan 0.6666666666666666 0.6666666666666666 nan 1.0 0.0 nan 
199 64204843750000.0 4 nan nan nan nan nan nan 0.0 0.0 nan nan nan nan 
200 26040375976562.5 11 nan nan nan 0.8 1.0 nan 0.3333333333333333 1.0 nan nan 1.0 nan 
201 149162597656250.0 24 1.0 nan nan 0.9090909090909091 1.0 nan 0.6666666666666666 nan nan nan 1.0 nan 
202 5930685424804.6875 17 1.0 nan nan 1.0 0.0 nan 0.5 1.0 nan 1.0 1.0 1.0 
203 614090937500000.0 130 1.0 1.0 nan 1.0 1.0 nan 0.7959183673469388 0.9375 0.0 1.0 1.0 1.0 
204 45824794921875.0 7 1.0 nan nan 1.0 nan nan nan nan nan 1.0 nan nan 
205 83167431640625.0 36 1.0 nan nan 0.8 0.6666666666666666 nan 0.6363636363636364 nan nan 1.0 0.0 nan 
207 281175976562500.0 139 0.8 0.8 1.0 0.8076923076923077 0.84 1.0 0.6190476190476191 0.42857142857142855 nan 0.8 1.0 0.0 
208 158917392578125.0 16 1.0 1.0 nan 0.8888888888888888 nan 1.0 1.0 nan nan nan nan 1.0 
209 230059804687500.0 240 1.0 1.0 1.0 0.9166666666666666 0.7619047619047619 0.5 0.851063829787234 0.45714285714285713 0.3333333333333333 0.6 0.36363636363636365 1.0 
210 126651845703125.0 122 1.0 1.0 1.0 0.972972972972973 1.0 1.0 0.7755102040816326 1.0 nan 1.0 nan 1.0 
213 908961029052.7344 2 0.0 nan nan nan nan nan nan nan nan nan nan nan 
214 148254521484375.0 4 1.0 nan nan nan nan nan 1.0 nan nan nan 0.0 nan 
215 5686947631835.9375 2 nan nan nan 1.0 nan nan nan nan nan nan nan nan 
216 676726406250000.0 46 1.0 nan nan 1.0 1.0 1.0 0.8888888888888888 0.6666666666666666 nan 0.8888888888888888 0.3333333333333333 0.0 
217 69154750976562.5 18 1.0 nan nan 1.0 0.5 nan 0.4 0.0 nan nan 0.0 nan 
218 1152964218750000.0 234 1.0 1.0 1.0 1.0 1.0 1.0 0.9642857142857143 1.0 1.0 0.8125 1.0 nan 
220 99653632812500.0 75 0.8571428571428571 0.8 nan 0.7878787878787878 0.8333333333333334 nan 0.6666666666666666 0.5 nan 1.0 nan nan 
221 15884014892578.125 46 1.0 0.0 1.0 1.0 0.6666666666666666 nan 0.9090909090909091 0.7142857142857143 1.0 1.0 1.0 nan 
222 125175117187500.0 24 1.0 nan 0.0 0.45454545454545453 0.0 nan 0.0 nan nan nan nan 0.0 
223 141103916015625.0 56 1.0 1.0 nan 0.8235294117647058 1.0 nan 0.6923076923076923 0.5 1.0 1.0 nan nan 
224 8669664306640.625 8 nan nan nan 0.0 nan nan 0.0 nan nan 0.25 0.0 nan 
225 84824101562500.0 27 1.0 nan nan 1.0 1.0 nan 0.9230769230769231 1.0 nan 1.0 1.0 0.0 
226 81825429687500.0 13 1.0 nan nan 1.0 1.0 nan 0.3333333333333333 0.0 nan nan nan 1.0 
227 444316328125000.0 34 1.0 nan nan 0.7894736842105263 1.0 nan 1.0 1.0 nan 1.0 nan nan 
228 17601383056640.625 85 0.8571428571428571 1.0 nan 0.7777777777777778 1.0 nan 0.7804878048780488 0.8333333333333334 0.0 0.35714285714285715 1.0 1.0 
229 5386193847656.25 3 nan nan nan 0.0 0.0 nan 1.0 nan nan nan nan nan 
230 167103300781250.0 33 1.0 1.0 nan 1.0 1.0 nan 0.7142857142857143 1.0 nan 1.0 nan nan 
231 69927597656250.0 61 1.0 1.0 nan 0.8461538461538461 0.75 0.0 0.6 0.5 nan 1.0 1.0 0.0 
232 8138446044921.875 6 0.5 nan nan 1.0 0.0 nan nan nan nan nan 1.0 nan 
233 107884169921875.0 20 1.0 nan nan 0.5 nan nan 0.75 0.3333333333333333 nan 1.0 nan nan 
236 17715933837890.625 11 0.0 nan nan 0.5 0.0 nan 0.5 0.0 nan 0.3333333333333333 0.0 nan 
237 321274628906250.0 91 1.0 1.0 nan 0.9318181818181818 0.8 nan 0.7692307692307693 1.0 nan 1.0 1.0 0.0 
238 18370064697265.625 27 1.0 nan nan 0.9090909090909091 1.0 nan 1.0 nan nan 1.0 nan nan 
239 495732578125000.0 182 1.0 1.0 nan 0.9607843137254902 0.8888888888888888 nan 0.8382352941176471 0.7241379310344828 1.0 nan nan nan 
240 28573017578125.0 36 1.0 0.0 nan 0.6666666666666666 0.0 nan 0.45 0.16666666666666666 0.0 nan nan nan 
242 48437426757812.5 9 nan nan nan 0.8 nan nan 1.0 1.0 nan 1.0 1.0 nan 
243 131423066406250.0 63 1.0 1.0 nan 1.0 1.0 nan 0.85 0.0 nan nan 1.0 0.0 
244 43835698242187.5 60 1.0 0.0 nan 0.6666666666666666 0.0 nan 0.7142857142857143 0.0 0.5 0.875 0.0 1.0 
245 1356138125000000.0 251 1.0 1.0 1.0 0.9875 1.0 nan 0.9642857142857143 1.0 1.0 1.0 1.0 1.0 
246 391387890625000.0 77 1.0 1.0 nan 0.9772727272727273 1.0 nan 1.0 1.0 nan 1.0 nan 1.0 
247 45958481445312.5 7 nan nan nan 0.0 nan nan 0.5 nan nan nan nan 0.0 
248 10093764648437.5 2 nan nan nan 0.0 nan nan nan nan nan 0.0 nan nan 
249 168325878906250.0 10 1.0 nan nan 0.6 nan nan 1.0 nan nan nan nan 0.0 
250 618826914062500.0 220 1.0 1.0 nan 1.0 1.0 1.0 0.9662921348314607 0.9230769230769231 0.6666666666666666 1.0 nan 1.0 
252 48552382812500.0 8 1.0 nan nan 0.6666666666666666 0.0 nan 0.0 nan nan nan nan 0.0 
253 58304218750000.0 25 1.0 1.0 nan 1.0 0.0 nan 0.0 0.5 nan nan 1.0 0.0 
254 1662122187500000.0 161 1.0 1.0 nan 0.8904109589041096 0.6 nan 0.8285714285714286 0.5 nan 1.0 1.0 nan 
255 201586386718750.0 109 1.0 1.0 nan 1.0 1.0 nan 0.92 0.9 nan 1.0 nan 1.0 
312 106069970703125.0 22 1.0 nan nan 1.0 1.0 nan 1.0 nan nan 1.0 nan 0.0 
330 73553017578125.0 37 1.0 1.0 nan 0.8 1.0 nan 0.8235294117647058 0.3333333333333333 0.6666666666666666 0.6666666666666666 nan nan 
351 5689197387695.3125 7 1.0 nan nan 1.0 nan nan 0.5 0.0 nan nan nan 0.0 
352 25200454101562.5 7 nan nan nan 1.0 nan nan 0.5 nan nan nan nan nan 
353 10961105957031.25 12 nan 0.0 nan 0.25 0.25 nan 0.0 0.0 nan nan nan nan 
354 32711145019531.25 24 nan 0.0 nan 1.0 0.3333333333333333 0.0 0.75 1.0 nan 0.8 0.0 0.0 
355 11205203857421.875 6 nan nan nan nan nan nan 1.0 0.0 nan 1.0 1.0 nan 
356 7289202880859.375 22 0.0 0.75 nan 0.2857142857142857 0.5 1.0 0.0 1.0 nan nan nan nan 
357 8742772827148.4375 10 0.0 0.0 nan 0.5 nan nan 0.5 0.0 nan 1.0 nan nan 
358 24521391601562.5 14 1.0 nan nan 0.75 0.0 nan 0.0 0.0 0.0 nan nan nan 
359 160040205078125.0 169 1.0 1.0 nan 0.9393939393939394 0.9117647058823529 0.0 0.7105263157894737 0.8387096774193549 1.0 1.0 1.0 nan 
360 24749121093750.0 3 nan nan nan nan 0.0 nan 0.0 nan nan nan nan nan 
361 33764865722656.25 4 nan nan nan 0.0 0.0 nan 0.0 nan nan nan 0.0 nan 
362 17215562744140.625 32 0.0 1.0 nan 0.7142857142857143 0.8 nan 0.25 0.6666666666666666 nan 0.0 1.0 nan 
363 24295085449218.75 5 nan nan nan 0.0 nan nan 0.5 0.0 nan nan nan nan 
364 29381979980468.75 25 0.5 nan nan 0.5 0.0 nan 0.16666666666666666 0.25 nan 0.0 1.0 nan 
365 20011450195312.5 7 nan 1.0 nan 0.6666666666666666 nan nan 0.0 0.0 nan nan nan nan 
366 88326875000000.0 92 0.8333333333333334 0.3333333333333333 nan 0.8064516129032258 0.2222222222222222 0.3333333333333333 0.7241379310344828 0.42857142857142855 0.0 nan 0.5 0.0 
367 22769833984375.0 12 1.0 nan nan 1.0 nan nan 1.0 nan nan 0.0 0.0 nan 
368 25604455566406.25 15 1.0 1.0 nan 1.0 1.0 nan 1.0 1.0 nan nan nan nan 
369 29957741699218.75 11 1.0 nan nan 0.6666666666666666 1.0 nan 0.75 1.0 nan nan nan nan 
370 244462128906250.0 27 1.0 nan nan 1.0 1.0 nan 1.0 nan nan 1.0 1.0 nan 
371 30085646972656.25 5 1.0 nan nan 1.0 nan nan 1.0 nan nan nan nan nan 
372 10353853759765.625 4 1.0 nan nan nan nan nan 1.0 1.0 nan nan 1.0 nan 
373 9815801391601.562 31 0.5 0.0 nan 0.6666666666666666 0.0 nan 0.16666666666666666 0.125 1.0 0.0 0.0 nan 
374 255758750000000.0 81 1.0 1.0 1.0 1.0 1.0 nan 0.9375 1.0 nan 1.0 1.0 0.0 
375 24745581054687.5 9 1.0 nan nan 0.3333333333333333 nan nan 0.3333333333333333 0.0 nan nan 1.0 nan 
376 7288394165039.0625 14 1.0 nan nan 0.5 nan nan 1.0 nan nan 1.0 1.0 nan 
377 16065122070312.5 12 nan nan nan nan 0.3333333333333333 nan 0.0 nan nan nan nan nan 
378 14516639404296.875 22 1.0 nan nan 0.0 0.0 nan 0.3333333333333333 0.0 0.0 0.0 0.0 0.0 
379 21018552246093.75 3 0.0 nan nan 0.0 nan nan nan nan nan nan nan nan 
380 12172978515625.0 14 0.6666666666666666 nan nan 0.5 nan nan 1.0 1.0 nan nan nan 1.0 
381 28134724121093.75 14 nan 1.0 nan 0.0 nan nan 0.4 1.0 nan 1.0 1.0 nan 
382 245363710937500.0 66 1.0 1.0 nan 1.0 1.0 nan 1.0 1.0 nan 1.0 1.0 1.0 
383 22248649902343.75 5 0.0 1.0 nan nan nan nan nan nan nan nan nan nan 
384 7131677246093.75 4 nan nan nan 0.0 nan nan nan nan nan nan nan nan 
385 599517265625000.0 138 1.0 1.0 1.0 0.9166666666666666 0.8571428571428571 0.0 0.6037735849056604 0.7142857142857143 nan 1.0 1.0 1.0 
386 1461231079101.5625 1 nan nan nan nan nan nan nan nan nan 1.0 nan nan 
387 1504110781250000.0 1013 1.0 1.0 1.0 0.9772256728778468 0.9170731707317074 0.875 0.7666666666666667 0.5454545454545454 0.0 1.0 1.0 nan 
388 13110510253906.25 18 1.0 1.0 nan 1.0 1.0 nan 1.0 0.8 nan nan nan nan 
389 87019873046875.0 29 1.0 0.5 nan 0.8888888888888888 0.75 nan 0.6666666666666666 0.6666666666666666 nan nan 1.0 0.0 
390 9985094604492.188 3 nan nan nan 0.0 nan nan 0.0 nan nan nan nan nan 
391 4331434631347.6562 10 nan nan nan 0.6666666666666666 nan 0.0 1.0 nan nan 0.0 1.0 1.0 
392 30590549316406.25 28 1.0 0.0 nan 0.9230769230769231 0.5 nan 0.375 nan 0.0 nan nan nan 
393 3040118713378.9062 3 nan nan nan 0.0 nan nan 0.0 nan nan nan nan nan 
394 60058647460937.5 4 0.0 nan nan 0.0 nan nan 0.0 nan nan nan nan 0.0 
395 26514943847656.25 7 nan nan nan 0.25 nan nan 0.0 nan nan nan nan 0.0 
396 24113334960937.5 21 1.0 nan nan 1.0 1.0 0.0 0.5 0.0 nan 1.0 nan 0.0 
397 4905227050781.25 3 0.0 nan nan nan nan nan nan 1.0 nan nan 0.0 nan 
398 44252866210937.5 30 1.0 1.0 nan 1.0 1.0 nan 0.8 1.0 nan nan nan 1.0 
399 26055285644531.25 22 1.0 nan nan 0.6 nan nan 0.375 0.0 nan 1.0 nan 1.0 
400 21005659179687.5 9 1.0 nan nan nan 0.5 nan 0.0 nan nan nan nan nan 
402 10248748779296.875 4 nan nan nan nan 0.0 nan 0.0 nan nan 0.0 0.0 nan 
403 16305258789062.5 43 1.0 nan nan 0.8571428571428571 0.25 0.6666666666666666 0.125 0.25 0.5 0.3333333333333333 0.0 0.6666666666666666 
404 31052841796875.0 20 0.3333333333333333 nan nan 1.0 0.0 nan 0.25 0.0 nan 0.0 0.25 nan 
405 20648911132812.5 42 1.0 nan nan 0.8823529411764706 1.0 nan 0.4375 1.0 nan 1.0 1.0 nan 
406 17808074951171.875 12 1.0 nan nan 0.6 nan nan 0.5 1.0 nan nan 1.0 nan 
407 9891765747070.312 30 1.0 nan nan 1.0 nan nan 0.5555555555555556 1.0 nan 1.0 nan nan 
408 119439902343750.0 24 1.0 1.0 nan 1.0 1.0 nan 0.5 0.16666666666666666 nan 1.0 nan nan 
409 1935828094482.4219 3 0.0 nan nan nan nan nan 0.0 nan nan nan nan nan 
410 34931154785156.25 4 nan nan nan nan nan nan 0.5 0.0 nan nan nan nan 
411 61501132812500.0 13 nan 1.0 nan 1.0 0.5 nan 0.0 0.0 nan 1.0 nan 0.0 
412 1461858281250000.0 261 1.0 1.0 nan 0.937984496124031 0.851063829787234 1.0 0.6764705882352942 0.8571428571428571 nan 1.0 1.0 1.0 
413 276639648437500.0 43 1.0 1.0 nan 0.9333333333333333 1.0 nan 0.9090909090909091 1.0 nan 1.0 1.0 nan 
414 27957199707031.25 36 nan 0.4 1.0 0.75 0.0 0.0 0.5 0.25 0.0 nan nan nan 
415 291053789062500.0 413 1.0 1.0 1.0 0.9775280898876404 0.9210526315789473 1.0 0.8807947019867549 0.6375 0.6666666666666666 1.0 0.0 0.0 
416 357379531250000.0 18 1.0 1.0 nan 1.0 1.0 1.0 1.0 nan nan 1.0 1.0 nan 
417 64469848632812.5 29 1.0 nan 1.0 1.0 1.0 nan 1.0 1.0 1.0 nan 1.0 nan 
418 153365009765625.0 45 1.0 1.0 nan 1.0 1.0 1.0 0.75 0.0 1.0 nan nan 1.0 
419 5613694458007.8125 3 nan nan nan 0.5 nan nan nan nan nan 0.0 nan nan 
420 94576083984375.0 42 1.0 1.0 nan 1.0 1.0 nan 1.0 1.0 nan nan 1.0 nan 
421 2807923889160.1562 8 nan nan nan 0.5 nan nan 0.25 1.0 nan nan nan nan 
422 66494482421875.0 16 1.0 0.0 nan 0.6666666666666666 0.0 nan 0.0 0.0 nan 1.0 nan 1.0 
423 67479033203125.0 19 1.0 1.0 nan 0.8333333333333334 1.0 nan 1.0 nan nan nan nan 0.0 
424 30530986328125.0 36 1.0 nan nan 1.0 0.8333333333333334 nan 0.6363636363636364 1.0 nan 1.0 1.0 nan 
425 1749382187500000.0 407 1.0 1.0 1.0 0.9577464788732394 0.9 0.6666666666666666 0.8390804597701149 0.75 0.0 1.0 1.0 0.0 
426 42212622070312.5 10 1.0 1.0 nan 1.0 0.5 nan 0.0 nan nan nan nan nan 
427 1615031562500000.0 202 1.0 1.0 1.0 0.9871794871794872 1.0 1.0 1.0 1.0 nan 1.0 1.0 1.0 
428 210907441406250.0 100 1.0 1.0 nan 0.9361702127659575 0.75 1.0 0.8947368421052632 1.0 nan 1.0 1.0 1.0 
429 135955341796875.0 27 1.0 1.0 nan 1.0 0.6666666666666666 nan 0.8333333333333334 nan nan 1.0 1.0 1.0 
430 20957548828125.0 10 1.0 1.0 nan 1.0 nan nan 0.4 nan nan nan nan 0.0 
431 4869086608886.719 9 1.0 nan nan 1.0 0.0 nan 0.6666666666666666 0.5 nan nan nan nan 
432 34709401855468.75 29 1.0 0.5 nan 0.6666666666666666 0.6666666666666666 nan 0.6666666666666666 1.0 nan nan nan 0.0 
434 36719355468750.0 12 1.0 0.0 nan 1.0 1.0 nan 0.75 nan nan 1.0 nan nan 
435 19368953857421.875 12 1.0 nan nan 0.42857142857142855 0.0 nan 1.0 nan nan nan 1.0 nan 
436 88274570312500.0 8 1.0 nan nan 1.0 0.0 nan nan nan nan nan 0.0 nan 
437 88862568359375.0 24 1.0 1.0 nan 1.0 nan nan 0.5555555555555556 0.3333333333333333 1.0 0.0 nan nan 
438 5878142700195.3125 4 nan nan nan nan nan nan 1.0 1.0 nan nan nan nan 
439 30127668457031.25 3 0.0 nan nan 1.0 nan nan nan nan nan nan 1.0 nan 
440 53078945312500.0 7 1.0 nan nan 1.0 nan nan 1.0 nan nan nan nan nan 
441 86079101562500.0 61 1.0 nan nan 0.9629629629629629 1.0 nan 0.8888888888888888 1.0 nan nan nan 0.0 
442 37262270507812.5 3 nan nan nan 0.0 nan nan 1.0 nan nan nan 0.0 nan 
443 3436906433105.4688 1 nan nan nan nan nan nan nan nan nan nan nan nan 
444 56603120117187.5 22 1.0 nan nan 0.7 nan nan 0.75 0.5 nan 1.0 nan nan 
445 118605468750000.0 152 1.0 1.0 nan 0.7407407407407407 0.875 nan 0.7377049180327869 0.85 1.0 0.7777777777777778 0.8333333333333334 1.0 
447 6282348632812.5 13 1.0 nan nan 0.5 nan nan 0.6 1.0 nan 1.0 1.0 nan 
448 20031572265625.0 53 0.6 nan nan 1.0 0.5 nan 0.75 0.5714285714285714 0.0 0.75 nan 0.0 
449 227122910156250.0 391 1.0 0.8 nan 0.8941176470588236 0.8333333333333334 0.2 0.8175675675675675 0.6282051282051282 0.3333333333333333 0.8333333333333334 0.3333333333333333 nan 
450 22683115234375.0 3 nan nan nan 1.0 0.0 nan nan nan nan 1.0 nan nan 
451 10972076416015.625 7 0.0 nan nan 0.0 0.0 nan nan nan nan 1.0 1.0 nan 
452 217804003906250.0 30 nan 1.0 1.0 1.0 0.8571428571428571 1.0 0.75 0.0 nan nan 1.0 nan 
454 41885605468750.0 25 1.0 nan nan 0.7142857142857143 0.2 nan 0.5 0.0 nan nan 1.0 1.0 
455 44619155273437.5 7 nan nan nan 0.0 0.0 nan 0.0 1.0 nan nan 0.0 nan 
456 253139218750000.0 23 nan 1.0 nan 1.0 1.0 nan 1.0 nan 1.0 nan 1.0 nan 
457 53412578125000.0 27 1.0 nan nan 0.8 0.42857142857142855 nan 0.6 0.0 nan 1.0 nan nan 
458 21499104003906.25 27 1.0 nan 1.0 0.8 0.6666666666666666 0.0 1.0 1.0 1.0 nan nan nan 
459 34624094238281.25 16 1.0 1.0 nan 0.6666666666666666 0.0 nan 0.7142857142857143 1.0 0.0 nan nan 0.0 
460 46060341796875.0 13 nan nan nan 0.5 0.0 nan 0.6666666666666666 0.0 nan nan 0.0 nan 
461 13260872802734.375 5 nan 0.0 nan 0.0 nan nan 1.0 nan nan nan 0.0 nan 
462 130184355468750.0 19 nan nan nan 0.6 0.5 nan 0.4 0.25 nan 1.0 nan 0.0 
463 10759650878906.25 6 nan 0.0 nan 0.5 nan 1.0 1.0 nan nan nan nan 0.0 
464 1543748750000000.0 336 1.0 1.0 nan 0.9926470588235294 1.0 nan 0.8311688311688312 0.7692307692307693 nan 1.0 1.0 1.0 
465 60841918945312.5 23 1.0 1.0 nan 1.0 nan nan 1.0 0.0 nan nan 1.0 nan 
466 3524932250976.5625 6 nan nan nan 1.0 nan nan 0.5 nan nan nan nan nan 
467 6384449462890.625 2 nan 0.0 nan nan nan nan nan nan nan nan 0.0 nan 
468 30885354003906.25 1 nan nan nan nan nan nan nan nan nan nan nan nan 
469 17154525146484.375 10 nan 1.0 nan 0.5 nan 1.0 0.0 0.0 nan 1.0 1.0 0.0 
470 44199028320312.5 39 1.0 1.0 nan 1.0 0.5 0.0 0.6666666666666666 0.5 0.3333333333333333 nan nan nan 
471 10405080566406.25 14 1.0 nan nan 1.0 1.0 nan 0.4 0.0 nan 0.0 nan 0.0 
472 36797563476562.5 5 nan nan nan 1.0 nan nan 1.0 nan nan nan 1.0 nan 
473 11654105224609.375 3 nan nan nan 0.0 nan nan nan nan nan nan 0.0 nan 
474 23892861328125.0 8 1.0 nan nan 1.0 nan nan 0.0 nan nan nan nan nan 
475 643428593750000.0 205 1.0 1.0 nan 0.9827586206896551 1.0 nan 1.0 1.0 1.0 0.8461538461538461 0.5714285714285714 1.0 
476 7966046142578.125 1 nan nan nan nan nan nan nan nan nan nan 0.0 nan 
477 14128135986328.125 24 nan 0.0 nan 0.5 0.0 1.0 0.0 0.0 0.3333333333333333 nan 0.0 nan 
478 21235087890625.0 10 0.3333333333333333 nan nan nan 1.0 nan 0.2 nan nan nan nan nan 
479 347714726562500.0 423 1.0 1.0 1.0 0.9859154929577465 1.0 0.0 0.896551724137931 0.8205128205128205 0.0 0.8913043478260869 0.9565217391304348 0.6666666666666666 
480 26045883789062.5 11 1.0 nan nan 1.0 nan nan 1.0 1.0 nan nan 1.0 nan 
481 137983847656250.0 14 0.0 nan nan 0.3333333333333333 0.3333333333333333 nan 0.5 0.0 nan nan 0.0 nan 
482 718827734375000.0 233 0.9642857142857143 0.8333333333333334 0.0 0.8611111111111112 0.6 0.3333333333333333 0.7575757575757576 0.23809523809523808 0.0 1.0 1.0 0.5 
483 21636350097656.25 1 nan nan nan nan nan nan nan nan nan 1.0 nan nan 
484 27662839355468.75 1 nan nan nan nan nan nan nan nan nan nan nan nan 
485 308482128906250.0 364 1.0 1.0 1.0 0.9629629629629629 0.9354838709677419 nan 0.9459459459459459 0.8536585365853658 0.8333333333333334 1.0 1.0 0.5 
486 2624809062500000.0 221 1.0 0.8 1.0 0.9888888888888889 0.8 1.0 0.9444444444444444 0.5 1.0 1.0 1.0 0.0 
487 374684960937500.0 57 0.8333333333333334 0.3333333333333333 nan 0.8125 0.7142857142857143 nan 0.7058823529411765 0.6666666666666666 nan nan 1.0 0.0 
488 12877701416015.625 7 nan nan nan nan 0.0 nan 0.25 1.0 nan nan nan nan 
489 27129645996093.75 6 nan 1.0 nan 0.6666666666666666 1.0 nan nan nan nan nan 0.0 nan 
490 49847119140625.0 39 1.0 0.6666666666666666 nan 0.8 0.3 nan 0.3333333333333333 0.6666666666666666 nan 1.0 nan 1.0 
491 21821843261718.75 6 nan nan nan 0.6666666666666666 nan nan 0.5 nan nan nan 0.0 nan 
492 19659552001953.125 28 0.0 0.0 nan 0.0 0.0 nan 0.1111111111111111 0.3333333333333333 nan nan nan nan 
493 23131791992187.5 7 1.0 nan nan 1.0 0.0 nan nan nan nan nan nan nan 
494 16400635986328.125 5 1.0 nan nan 0.5 nan nan nan nan nan 1.0 1.0 nan 
495 86191328125000.0 35 1.0 nan nan 1.0 1.0 nan 0.4166666666666667 0.14285714285714285 0.0 nan nan 0.0 
496 6612980346679.6875 5 nan nan nan 0.0 nan nan 1.0 nan nan nan 1.0 nan 
497 39670249023437.5 18 0.75 1.0 nan 0.625 0.5 nan 0.0 nan nan 1.0 1.0 nan 
498 153485283203125.0 66 1.0 1.0 nan 0.9166666666666666 0.7142857142857143 nan 0.9310344827586207 0.7 0.0 1.0 1.0 nan 
499 9355907592773.438 1 nan nan nan 0.0 nan nan nan nan nan nan nan nan 
500 10084321289062.5 3 nan nan nan 0.5 nan nan nan nan nan nan 1.0 nan 
501 17770979003906.25 7 nan nan nan 1.0 1.0 nan 0.0 nan nan nan 1.0 nan 
502 84965605468750.0 17 nan nan nan 1.0 nan nan 1.0 1.0 nan 1.0 nan nan 
503 22097978515625.0 3 nan nan nan 1.0 nan nan nan nan nan nan nan nan 
504 29347480468750.0 21 1.0 nan nan 1.0 1.0 nan 1.0 nan nan nan 1.0 nan 
505 21799758300781.25 7 nan nan nan 0.6666666666666666 0.0 nan 0.0 1.0 nan 0.0 nan nan 
506 8613192749023.4375 4 nan nan nan 0.5 1.0 nan nan nan nan nan 1.0 nan 
507 12384837646484.375 11 1.0 nan nan 0.5 nan nan 0.0 0.0 nan 0.0 0.0 nan 
508 13751212158203.125 7 nan 0.0 nan 1.0 nan nan 0.0 0.0 nan 0.0 nan 0.0 
509 65785874023437.5 18 1.0 1.0 nan 1.0 nan nan 1.0 nan nan nan nan 0.0 
510 199658613281250.0 25 1.0 nan nan 1.0 1.0 nan 1.0 nan nan nan 1.0 nan 
