0 103993447265625.0 36 0.9375 0.6666666666666666 0.3333333333333333 1.0 0.0 0.0 nan nan 0.0 nan
2 756052578125000.0 94 1.0 1.0 1.0 1.0 1.0 1.0 nan 1.0 nan nan
3 20616391601562.5 45 0.3 0.42857142857142855 0.0 0.0 0.0 0.25 0.0 0.0 0.0 0.0
4 67820849609375.0 31 0.7142857142857143 0.3333333333333333 0.25 0.3333333333333333 0.6666666666666666 0.0 nan nan nan nan
5 18050224609375.0 4 nan 1.0 0.0 nan nan nan nan 0.0 nan nan
6 175182011718750.0 168 1.0 1.0 0.6296296296296297 0.5 0.34375 0.5789473684210527 0.7 nan 0.5 0.6666666666666666
7 31474702148437.5 32 0.6923076923076923 1.0 0.5714285714285714 0.0 0.5 1.0 0.0 nan nan nan
8 12380202636718.75 5 1.0 1.0 nan nan nan nan nan nan 1.0 nan
9 88636582031250.0 54 0.9285714285714286 0.8181818181818182 0.6666666666666666 0.5714285714285714 0.8333333333333334 1.0 1.0 1.0 nan nan
10 27617988281250.0 9 1.0 0.0 0.0 1.0 nan nan nan nan 0.0 nan
11 154123710937500.0 66 0.9230769230769231 0.9375 1.0 1.0 1.0 1.0 0.5 nan nan nan
12 8208830566406.25 32 0.9285714285714286 1.0 0.0 1.0 0.6 1.0 nan 0.0 nan nan
13 103804384765625.0 69 0.8 0.6363636363636364 0.4375 0.36363636363636365 0.6666666666666666 0.0 0.0 0.0 0.0 nan
15 249844960937500.0 62 0.7222222222222222 0.6666666666666666 0.6 0.5 0.6363636363636364 0.6666666666666666 0.0 nan 0.0 nan
16 142601855468750.0 77 1.0 0.875 0.9565217391304348 1.0 1.0 1.0 nan 1.0 nan 0.0
17 10733402099609.375 11 0.6666666666666666 0.0 0.25 nan 0.0 nan 0.0 nan nan nan
18 146568505859375.0 39 1.0 1.0 0.6666666666666666 1.0 0.8 1.0 1.0 nan nan nan
19 19399882812500.0 8 0.0 1.0 0.0 nan 0.0 nan nan nan nan nan
20 89449687500000.0 26 0.875 1.0 1.0 1.0 0.5 1.0 nan 0.0 nan nan
21 46399804687500.0 20 1.0 1.0 1.0 nan 1.0 nan nan nan nan nan
22 216435703125000.0 12 1.0 1.0 1.0 0.5 nan nan nan nan nan nan
23 37979436035156.25 31 1.0 1.0 1.0 0.8333333333333334 1.0 0.0 0.0 nan 0.0 nan
24 18667209472656.25 8 1.0 0.6666666666666666 1.0 nan 0.0 nan nan nan nan nan
25 114883544921875.0 168 0.9047619047619048 0.975609756097561 1.0 1.0 1.0 1.0 1.0 1.0 1.0 nan
26 75395571289062.5 5 1.0 nan 0.0 nan 0.0 nan nan 0.0 nan nan
27 277038339843750.0 496 0.956140350877193 0.9385964912280702 0.9316239316239316 0.99 1.0 1.0 0.5714285714285714 nan 0.0 1.0
28 10447738037109.375 10 0.0 0.5 0.0 0.0 0.0 nan 0.0 nan nan 0.0
29 71992192382812.5 24 0.6 0.6666666666666666 0.0 0.25 0.5 nan 0.0 0.0 nan nan
30 34524260253906.25 53 1.0 0.9166666666666666 0.7777777777777778 0.75 0.3333333333333333 1.0 nan 1.0 nan nan
31 181805859375000.0 29 1.0 0.8888888888888888 1.0 1.0 nan 0.0 nan 1.0 nan nan
32 80601904296875.0 26 0.2857142857142857 0.8 0.2857142857142857 0.75 1.0 0.0 nan nan nan nan
33 157384726562500.0 17 1.0 nan 1.0 0.0 0.8333333333333334 nan 1.0 nan nan nan
34 178154375000000.0 44 1.0 1.0 1.0 1.0 1.0 nan nan nan nan nan
35 33426843261718.75 9 0.75 1.0 nan 0.0 nan nan 0.0 nan 0.0 nan
36 92029521484375.0 66 0.8571428571428571 0.8666666666666667 0.8333333333333334 0.8571428571428571 0.5 0.0 0.5 0.75 0.5 1.0
37 311139472656250.0 9 nan 1.0 1.0 1.0 1.0 1.0 1.0 nan nan nan
38 263994765625000.0 50 0.9230769230769231 0.9523809523809523 1.0 1.0 1.0 1.0 1.0 nan nan 0.0
39 37843220214843.75 43 1.0 0.5 1.0 0.7142857142857143 0.3333333333333333 0.75 1.0 1.0 0.5 nan
41 109815712890625.0 27 0.6 0.5 0.7 0.16666666666666666 0.0 nan 1.0 nan nan nan
42 43269794921875.0 9 1.0 nan 0.2 1.0 nan 1.0 nan nan nan nan
43 246961230468750.0 126 1.0 0.9024390243902439 0.8888888888888888 0.7272727272727273 0.875 1.0 0.5 0.0 0.0 nan
45 63544052734375.0 27 1.0 0.8571428571428571 0.5 0.6 0.4 nan nan 1.0 1.0 nan
46 28421589355468.75 4 1.0 nan 1.0 nan nan 0.0 1.0 nan nan nan
47 146414580078125.0 43 1.0 0.9090909090909091 0.8 1.0 nan 1.0 nan 1.0 nan nan
48 57833295898437.5 41 1.0 0.8333333333333334 0.6 0.0 0.3333333333333333 1.0 0.8 nan nan 0.5
49 15440462646484.375 5 0.3333333333333333 1.0 nan 1.0 nan nan nan nan nan nan
50 232353632812500.0 52 1.0 0.6666666666666666 0.6666666666666666 0.6666666666666666 0.4 0.0 0.0 0.5 nan 0.0
51 7324923706054.6875 28 0.4 0.2857142857142857 0.2857142857142857 0.0 1.0 0.0 nan nan nan nan
52 81220625000000.0 54 0.9 1.0 1.0 1.0 0.7142857142857143 0.5 0.5 0.5 0.0 0.0
54 185990449218750.0 88 1.0 1.0 0.9473684210526315 0.9333333333333333 0.7142857142857143 0.5 0.0 1.0 nan 1.0
55 23766899414062.5 3 nan 1.0 nan 0.0 nan nan nan nan nan nan
56 13553682861328.125 3 1.0 1.0 nan nan nan nan nan nan nan nan
57 91579785156250.0 22 1.0 0.8 0.8333333333333334 1.0 0.6666666666666666 1.0 nan nan 1.0 nan
58 28395358886718.75 32 0.8333333333333334 0.7142857142857143 0.75 0.8571428571428571 1.0 1.0 nan 1.0 nan nan
59 169974042968750.0 88 0.9230769230769231 0.9629629629629629 1.0 0.9 0.6666666666666666 0.0 1.0 1.0 0.0 nan
60 8901409912109.375 13 0.75 0.5 nan nan 0.0 1.0 nan nan nan nan
61 130180029296875.0 36 0.6923076923076923 0.7142857142857143 0.8333333333333334 1.0 0.75 nan 1.0 nan nan nan
63 268857246093750.0 380 0.972972972972973 0.9523809523809523 0.9195402298850575 1.0 1.0 1.0 0.6666666666666666 nan nan nan
64 55724018554687.5 18 0.6 0.75 1.0 0.5 0.25 nan nan nan nan nan
65 11036832275390.625 18 0.6 0.6666666666666666 0.75 1.0 0.5 1.0 nan nan 1.0 nan
66 118542343750000.0 45 0.5 0.0 0.3333333333333333 0.16666666666666666 0.0 0.0 1.0 0.0 nan nan
67 14651885986328.125 22 1.0 0.8571428571428571 1.0 nan nan 0.0 nan nan nan nan
68 547928750000000.0 216 1.0 1.0 1.0 1.0 1.0 1.0 1.0 1.0 0.75 1.0
69 76667744140625.0 18 0.8571428571428571 0.8333333333333334 0.5 nan nan 1.0 nan 0.0 nan 0.0
70 209303125000000.0 53 1.0 1.0 1.0 1.0 1.0 1.0 nan nan nan nan
71 37429362792968.75 14 0.7142857142857143 1.0 1.0 0.5 nan 0.0 0.0 nan nan nan
72 20339136962890.625 12 1.0 0.5 0.0 0.6666666666666666 1.0 1.0 1.0 nan nan nan
73 132014150390625.0 32 0.8571428571428571 0.6666666666666666 0.75 0.2857142857142857 0.3333333333333333 nan 0.5 nan nan nan
74 149374619140625.0 58 0.9473684210526315 0.9166666666666666 0.9166666666666666 0.7142857142857143 1.0 1.0 1.0 nan 0.0 1.0
75 301412812500000.0 110 0.7941176470588235 0.7142857142857143 0.5454545454545454 0.5833333333333334 0.14285714285714285 0.45454545454545453 0.25 0.0 0.0 0.0
76 7899136352539.0625 14 0.5 0.0 nan 0.3333333333333333 0.0 0.0 nan 0.0 0.0 nan
77 86973027343750.0 18 0.8333333333333334 0.6666666666666666 0.0 0.0 0.5 nan nan nan nan nan
78 32625427246093.75 2 0.0 nan nan nan nan nan 1.0 nan nan nan
79 210135117187500.0 57 0.9545454545454546 0.75 1.0 1.0 1.0 1.0 nan 0.0 nan nan
80 105529140625000.0 4 1.0 nan 1.0 nan nan nan 1.0 nan nan nan
82 255278398437500.0 47 0.7333333333333333 0.8333333333333334 0.5 0.42857142857142855 0.0 0.0 nan 0.0 0.0 0.0
83 87623486328125.0 118 0.9705882352941176 0.9310344827586207 0.9565217391304348 0.9333333333333333 1.0 1.0 nan nan 0.5 nan
85 16184313964843.75 4 nan 0.0 0.6666666666666666 nan nan nan nan nan nan nan
86 163877265625000.0 94 1.0 0.8333333333333334 0.9333333333333333 0.7 1.0 0.8571428571428571 0.0 nan 1.0 nan
87 22463662109375.0 6 1.0 1.0 1.0 nan 1.0 nan 0.0 nan nan nan
88 13141962890625.0 22 1.0 1.0 0.5714285714285714 0.6 1.0 1.0 0.0 nan 1.0 nan
89 67522412109375.0 20 1.0 1.0 1.0 nan nan 1.0 nan nan nan nan
90 31128559570312.5 10 0.8 1.0 nan 0.0 nan nan 0.0 1.0 nan nan
91 130331904296875.0 51 0.9523809523809523 0.8947368421052632 0.7142857142857143 0.5 0.0 nan nan nan 0.0 nan
92 13937562255859.375 36 1.0 1.0 1.0 0.8 0.5 1.0 nan nan nan nan
93 105826357421875.0 27 1.0 1.0 1.0 nan 1.0 nan 0.0 nan nan nan
94 41648442382812.5 6 0.5 1.0 nan nan 0.0 nan nan 1.0 nan nan
95 245395449218750.0 112 1.0 1.0 0.8857142857142857 0.9 0.9166666666666666 1.0 1.0 nan nan 1.0
96 88000888671875.0 42 1.0 1.0 1.0 1.0 1.0 1.0 nan nan nan nan
97 28688374023437.5 16 0.0 0.3333333333333333 0.25 0.0 0.0 0.0 nan nan 0.0 nan
98 222814824218750.0 31 0.7777777777777778 0.7272727272727273 0.6666666666666666 1.0 0.5 nan 1.0 nan nan nan
99 36483415527343.75 26 0.8 0.6666666666666666 0.6666666666666666 0.5 0.0 0.0 0.0 0.0 nan nan
100 50164140625000.0 53 0.8148148148148148 0.6 0.875 1.0 0.0 nan 0.0 nan nan nan
101 9414797363281.25 2 nan nan nan nan nan 0.0 nan nan nan nan
102 140890302734375.0 18 0.75 0.3333333333333333 1.0 1.0 1.0 0.0 nan nan nan nan
103 20184025878906.25 18 0.75 0.4 0.0 0.0 nan nan 0.0 0.0 nan nan
104 25334594726562.5 7 nan 1.0 1.0 nan 1.0 nan nan nan 1.0 nan
105 85809736328125.0 47 0.8461538461538461 1.0 1.0 0.8571428571428571 1.0 nan 1.0 nan 1.0 1.0
106 38820195312500.0 9 1.0 0.5 0.0 0.0 nan nan nan nan nan 0.0
107 197409218750000.0 62 0.76 0.6666666666666666 0.7142857142857143 0.8 0.3333333333333333 0.5 0.5 0.8333333333333334 nan nan
108 25652470703125.0 51 0.625 0.6666666666666666 0.2 0.2 0.0 0.0 0.0 0.0 1.0 1.0
109 119418310546875.0 23 0.8888888888888888 1.0 1.0 0.5 nan 0.0 nan 0.0 nan nan
110 85468945312500.0 35 1.0 1.0 1.0 1.0 1.0 1.0 1.0 1.0 nan nan
111 298153281250000.0 89 0.7368421052631579 0.7142857142857143 0.5714285714285714 0.6470588235294118 0.5454545454545454 0.4 1.0 nan nan 1.0
112 70702524414062.5 34 0.9166666666666666 0.8571428571428571 0.3333333333333333 0.6666666666666666 0.8 1.0 0.5 nan 0.0 nan
113 11632553710937.5 3 1.0 nan nan nan 1.0 nan 1.0 nan nan nan
114 187134531250000.0 72 0.9130434782608695 0.7857142857142857 1.0 0.8571428571428571 0.4 0.25 0.0 0.0 1.0 1.0
115 20010897216796.875 25 0.8461538461538461 0.6 1.0 0.3333333333333333 nan nan nan 0.0 nan nan
117 63712641601562.5 11 1.0 1.0 1.0 1.0 nan 1.0 nan nan nan nan
118 273915273437500.0 77 1.0 0.7894736842105263 0.8333333333333334 0.875 0.6 0.8 nan 1.0 1.0 1.0
119 51415083007812.5 11 0.6666666666666666 0.6666666666666666 1.0 nan 0.0 1.0 nan 1.0 nan nan
120 25997985839843.75 9 nan 0.0 nan 0.6666666666666666 1.0 1.0 nan 1.0 nan nan
121 103997187500000.0 120 1.0 0.9032258064516129 0.8695652173913043 0.8333333333333334 0.8 0.75 0.0 nan nan 0.0
122 51072827148437.5 11 nan 1.0 1.0 1.0 1.0 0.3333333333333333 0.0 nan nan nan
123 173213222656250.0 166 1.0 0.7727272727272727 0.8148148148148148 0.6521739130434783 0.7692307692307693 0.7894736842105263 1.0 1.0 0.0 0.0
124 4608048095703.125 5 1.0 nan 0.5 nan nan 0.0 nan nan nan nan
125 65006171875000.0 7 1.0 0.3333333333333333 nan nan 1.0 nan nan nan nan nan
126 27909360351562.5 11 0.6666666666666666 0.0 0.0 0.0 nan 0.0 nan 0.0 nan nan
127 153895703125000.0 36 0.9 0.75 0.5 0.875 nan 1.0 nan 0.0 nan nan
129 11552069091796.875 14 0.5 0.5 nan 0.25 0.0 nan 0.0 nan nan nan
130 670723437500000.0 130 0.9333333333333333 1.0 0.9583333333333334 1.0 0.7142857142857143 0.42857142857142855 1.0 1.0 nan 0.0
131 58787001953125.0 123 0.9 0.5714285714285714 0.5 0.35 0.38095238095238093 0.3333333333333333 0.3333333333333333 0.5 0.6 0.0
132 221897539062500.0 25 1.0 0.75 0.5 0.6666666666666666 nan 0.0 nan nan nan 1.0
133 2154257049560.5469 4 nan 1.0 0.0 1.0 nan 1.0 nan nan nan nan
134 168214199218750.0 34 0.7 1.0 0.8 0.5714285714285714 0.0 nan 1.0 nan nan nan
135 23013388671875.0 27 0.875 1.0 0.6666666666666666 1.0 1.0 1.0 nan nan nan nan
136 18104320068359.375 4 1.0 nan nan nan nan nan nan 1.0 nan nan
137 26268269042968.75 57 0.9090909090909091 0.6470588235294118 0.6 0.8333333333333334 nan 1.0 nan 1.0 nan nan
139 288106289062500.0 27 0.9090909090909091 1.0 1.0 1.0 nan 1.0 0.5 nan nan nan
140 64768315429687.5 19 0.42857142857142855 0.6 1.0 1.0 nan nan nan nan nan nan
141 20944460449218.75 16 0.8571428571428571 0.0 nan 0.0 0.5 0.0 nan nan nan 0.0
142 8707108764648.4375 16 0.75 0.5 0.25 0.0 0.0 0.0 nan nan 0.0 nan
143 144795625000000.0 82 0.85 0.8461538461538461 0.5454545454545454 0.4 0.16666666666666666 0.7692307692307693 0.6666666666666666 1.0 nan 0.0
144 13502238769531.25 16 0.0 0.0 1.0 0.5 0.0 0.0 0.3333333333333333 nan nan 0.0
146 44527465820312.5 25 1.0 0.8333333333333334 0.5 1.0 1.0 1.0 nan nan nan nan
147 705216093750000.0 41 1.0 0.875 0.875 0.8888888888888888 1.0 1.0 0.5 1.0 nan nan
148 77432871093750.0 118 0.9655172413793104 0.9722222222222222 0.9473684210526315 1.0 1.0 1.0 nan nan nan nan
150 129410068359375.0 80 0.9473684210526315 0.9642857142857143 1.0 0.9090909090909091 1.0 1.0 1.0 nan nan nan
151 57184877929687.5 11 1.0 0.6666666666666666 1.0 nan 1.0 nan nan nan nan nan
153 62621835937500.0 161 0.95 0.9361702127659575 0.9444444444444444 0.9130434782608695 1.0 0.5 1.0 0.5 0.0 nan
154 204437968750000.0 58 0.85 0.7857142857142857 0.7333333333333333 0.6666666666666666 1.0 1.0 nan nan nan nan
155 2610054375000000.0 422 1.0 1.0 1.0 1.0 1.0 1.0 1.0 1.0 nan nan
156 1340267333984.375 1 nan nan nan nan nan 0.0 nan nan nan nan
157 59980341796875.0 182 0.9361702127659575 0.8888888888888888 0.8888888888888888 0.7142857142857143 0.6896551724137931 0.25 0.5 0.5 0.0 nan
158 915777656250000.0 470 0.9942528735632183 0.984 0.9859154929577465 0.9767441860465116 0.96 1.0 1.0 1.0 1.0 nan
159 293173652343750.0 93 0.9375 1.0 0.8235294117647058 0.9 0.9047619047619048 0.8333333333333334 nan 1.0 nan 0.0
160 16390898437500.0 25 0.6666666666666666 0.4 0.5 0.8571428571428571 1.0 1.0 nan nan 1.0 nan
161 259560273437500.0 225 1.0 1.0 1.0 0.8695652173913043 0.875 0.9285714285714286 0.8888888888888888 1.0 1.0 nan
163 102865419921875.0 46 0.8888888888888888 0.75 1.0 0.5454545454545454 0.5555555555555556 0.4 nan nan nan 1.0
164 80001430664062.5 7 0.75 1.0 0.0 nan nan nan nan nan nan nan
165 259992246093750.0 20 1.0 1.0 1.0 1.0 1.0 nan 1.0 1.0 1.0 1.0
166 122003955078125.0 43 0.9166666666666666 0.8888888888888888 1.0 0.5555555555555556 0.3333333333333333 0.5 1.0 1.0 nan 0.0
167 17846972656250.0 79 0.75 0.6666666666666666 0.35714285714285715 0.0 0.0 0.6 0.3333333333333333 0.3333333333333333 0.0 0.25
168 1531343593750000.0 901 0.947136563876652 0.8990825688073395 0.7846153846153846 0.7678571428571429 0.8166666666666667 0.43478260869565216 0.5806451612903226 1.0 1.0 nan
169 241739667968750.0 36 0.8 0.9375 1.0 nan 0.5 0.0 nan nan nan nan
170 24493161621093.75 19 1.0 1.0 0.75 0.25 0.0 0.0 0.0 0.0 0.0 nan
172 7908502807617.1875 10 1.0 0.8 0.0 0.0 nan nan 0.0 nan nan nan
173 3770215148925.7812 2 nan nan 0.0 nan nan 1.0 nan nan nan nan
175 111280458984375.0 20 0.75 0.14285714285714285 0.6 0.0 nan 1.0 1.0 nan 0.0 nan
176 13099237060546.875 31 0.875 0.6666666666666666 0.25 0.7142857142857143 0.8 1.0 1.0 nan nan nan
177 23288632812500.0 10 1.0 1.0 1.0 0.0 1.0 nan nan nan nan nan
178 4216526794433.5938 28 0.75 0.5 0.3333333333333333 0.0 nan nan 0.0 0.0 nan nan
179 64722416992187.5 11 1.0 1.0 0.5 1.0 nan nan nan nan nan nan
180 29786213378906.25 10 0.5 0.0 nan 0.0 0.5 0.3333333333333333 nan nan nan nan
181 24723139648437.5 12 0.6666666666666666 0.5 0.5 0.0 nan 0.0 1.0 nan 0.0 nan
182 22677360839843.75 7 1.0 1.0 1.0 nan nan nan nan nan nan 0.0
184 6296179199218.75 16 1.0 0.0 0.0 0.0 0.0 0.0 0.0 nan 1.0 nan
185 150069707031250.0 70 1.0 1.0 0.9 0.9230769230769231 0.9333333333333333 1.0 1.0 1.0 1.0 nan
186 1027461318969.7266 5 0.5 0.0 nan 0.0 nan nan nan nan nan nan
187 588721640625000.0 96 1.0 1.0 1.0 1.0 1.0 1.0 1.0 nan 1.0 nan
188 55334897460937.5 23 0.5 0.7777777777777778 1.0 0.0 0.0 0.0 1.0 nan nan nan
189 172118496093750.0 12 1.0 0.75 1.0 0.0 nan 0.0 nan 1.0 nan nan
190 79546972656250.0 15 1.0 1.0 1.0 nan nan 1.0 1.0 nan nan 1.0
191 441835468750000.0 289 0.9468085106382979 0.9538461538461539 0.9375 0.9428571428571428 0.9629629629629629 1.0 1.0 1.0 1.0 nan
192 93516054687500.0 29 1.0 0.625 0.6 0.6666666666666666 0.5 0.25 0.0 nan nan nan
193 339748398437500.0 19 1.0 1.0 1.0 1.0 1.0 1.0 nan 1.0 1.0 nan
194 20399720458984.375 13 0.3333333333333333 0.4 0.0 0.0 nan 0.0 nan nan nan nan
195 113047597656250.0 30 0.8181818181818182 0.9 1.0 0.6 0.0 0.0 0.0 nan nan nan
196 133823447265625.0 17 0.4 0.0 0.8333333333333334 0.6666666666666666 1.0 nan nan nan nan nan
197 80373188476562.5 58 0.9583333333333334 0.9444444444444444 0.4 0.8333333333333334 1.0 1.0 nan nan 1.0 nan
198 123675156250000.0 54 0.8888888888888888 0.8666666666666667 0.8333333333333334 1.0 0.6666666666666666 0.6666666666666666 nan nan nan nan
199 64204843750000.0 4 nan 0.0 0.0 0.0 0.0 nan nan nan nan nan
200 26040375976562.5 11 0.8 nan 0.5 0.5 1.0 1.0 nan nan nan nan
201 149162597656250.0 24 0.9090909090909091 1.0 0.6666666666666666 1.0 1.0 nan 1.0 nan nan nan
202 5930685424804.6875 17 0.75 1.0 nan 1.0 nan 1.0 0.5 1.0 1.0 1.0
203 614090937500000.0 130 0.925 0.9090909090909091 0.7333333333333333 0.9230769230769231 1.0 1.0 0.75 nan nan nan
204 45824794921875.0 7 nan 1.0 1.0 1.0 nan nan nan nan nan nan
205 83167431640625.0 36 0.9090909090909091 0.6666666666666666 1.0 0.75 0.6666666666666666 0.0 0.0 nan nan nan
207 281175976562500.0 139 0.7777777777777778 0.7037037037037037 0.7894736842105263 0.75 0.5384615384615384 0.8333333333333334 1.0 1.0 0.0 nan
208 158917392578125.0 16 0.8571428571428571 1.0 1.0 1.0 nan nan nan 1.0 1.0 nan
209 230059804687500.0 240 0.8571428571428571 0.9183673469387755 0.8372093023255814 0.6666666666666666 0.6538461538461539 0.5416666666666666 0.45454545454545453 0.5555555555555556 1.0 0.0
210 126651845703125.0 122 0.9459459459459459 0.7941176470588235 0.88 1.0 1.0 1.0 1.0 1.0 nan 1.0
214 148254521484375.0 4 nan 1.0 1.0 nan 0.0 nan nan nan nan nan
215 5686947631835.9375 2 nan nan nan 1.0 nan nan nan nan nan nan
216 676726406250000.0 46 1.0 0.8571428571428571 0.8888888888888888 0.6 1.0 1.0 0.5 1.0 0.0 nan
217 69154750976562.5 18 1.0 0.6666666666666666 0.6666666666666666 0.3333333333333333 0.6666666666666666 nan 0.0 nan nan nan
220 99653632812500.0 75 0.9 0.6111111111111112 0.75 0.7272727272727273 0.8181818181818182 1.0 nan nan nan nan
221 15884014892578.125 46 1.0 1.0 1.0 0.5 0.75 0.5 0.5 1.0 nan nan
222 125175117187500.0 24 0.75 0.16666666666666666 0.5 0.0 0.0 0.0 0.0 nan 0.0 nan
223 141103916015625.0 56 0.8666666666666667 0.9230769230769231 0.7 0.8888888888888888 0.6 1.0 nan nan nan 1.0
224 8669664306640.625 8 0.5 0.0 0.0 0.0 0.0 nan nan nan nan nan
225 84824101562500.0 27 0.9166666666666666 1.0 1.0 1.0 1.0 nan nan 0.0 nan nan
226 81825429687500.0 13 1.0 0.6 nan 0.6666666666666666 1.0 nan 1.0 nan nan nan
227 444316328125000.0 34 0.9230769230769231 1.0 0.5714285714285714 1.0 1.0 nan nan nan nan nan
228 17601383056640.625 85 0.8387096774193549 0.6428571428571429 0.5416666666666666 0.9 1.0 nan 1.0 0.5 nan nan
229 5386193847656.25 3 0.0 nan nan 0.5 nan nan nan nan nan nan
230 167103300781250.0 33 0.9166666666666666 0.8333333333333334 1.0 1.0 1.0 1.0 nan nan nan nan
231 69927597656250.0 61 1.0 0.8823529411764706 0.6153846153846154 0.7777777777777778 0.8333333333333334 0.75 0.0 nan nan 0.0
232 8138446044921.875 6 0.5 1.0 1.0 0.0 nan 1.0 nan nan nan nan
233 107884169921875.0 20 1.0 0.75 0.3333333333333333 0.0 nan 1.0 nan nan 1.0 nan
236 17715933837890.625 11 1.0 0.5 0.25 0.0 nan 0.0 0.0 nan nan nan
237 321274628906250.0 91 0.8974358974358975 0.9615384615384616 0.9090909090909091 0.8333333333333334 1.0 1.0 nan nan 0.0 nan
238 18370064697265.625 27 1.0 1.0 0.8888888888888888 1.0 1.0 nan nan nan nan 1.0
239 495732578125000.0 182 0.9534883720930233 0.8723404255319149 0.9230769230769231 0.7941176470588235 0.7222222222222222 0.9 1.0 1.0 nan nan
240 28573017578125.0 36 0.7857142857142857 0.3333333333333333 0.0 0.0 0.0 0.3333333333333333 0.0 nan nan 0.0
242 48437426757812.5 9 1.0 nan 0.0 1.0 1.0 nan nan nan nan nan
243 131423066406250.0 63 0.96 0.9545454545454546 0.8571428571428571 0.75 1.0 nan 1.0 nan nan 0.0
244 43835698242187.5 60 1.0 0.8333333333333334 0.5 0.2857142857142857 0.0 0.0 0.0 1.0 nan nan
245 1356138125000000.0 251 0.9761904761904762 0.9743589743589743 1.0 1.0 1.0 1.0 1.0 1.0 1.0 nan
246 391387890625000.0 77 1.0 0.9642857142857143 1.0 1.0 1.0 1.0 nan nan 1.0 nan
247 45958481445312.5 7 0.25 0.5 nan nan nan nan nan 0.0 nan nan
248 10093764648437.5 2 0.0 nan nan 0.0 nan nan nan nan nan nan
249 168325878906250.0 10 1.0 0.6 1.0 nan nan nan 0.0 nan nan nan
250 618826914062500.0 220 0.9879518072289156 0.9803921568627451 1.0 0.9166666666666666 1.0 0.8571428571428571 1.0 0.75 1.0 nan
252 48552382812500.0 8 1.0 0.0 0.6666666666666666 nan 0.0 nan nan nan nan 0.0
253 58304218750000.0 25 0.8 0.8571428571428571 1.0 0.42857142857142855 0.5 1.0 1.0 0.0 nan nan
254 1662122187500000.0 161 0.896551724137931 0.9591836734693877 0.7222222222222222 0.8461538461538461 0.6666666666666666 0.42857142857142855 0.75 nan nan nan
255 201586386718750.0 109 1.0 1.0 1.0 0.8333333333333334 1.0 1.0 1.0 nan nan 1.0
312 106069970703125.0 22 1.0 1.0 1.0 1.0 nan nan 0.0 nan nan nan
330 73553017578125.0 37 0.9090909090909091 0.7272727272727273 0.75 1.0 1.0 0.0 0.6666666666666666 nan 0.5 nan
359 160040205078125.0 169 0.8064516129032258 0.8461538461538461 0.85 0.9047619047619048 0.8275862068965517 0.9705882352941176 1.0 nan 0.0 nan
370 244462128906250.0 27 1.0 1.0 1.0 1.0 nan 1.0 nan nan nan nan
374 255758750000000.0 81 0.9666666666666667 1.0 1.0 1.0 1.0 nan 1.0 0.0 nan nan
385 599517265625000.0 138 0.7567567567567568 0.7666666666666667 0.7083333333333334 0.8666666666666667 0.6956521739130435 1.0 1.0 0.75 nan nan
412 1461858281250000.0 261 0.9552238805970149 0.8428571428571429 0.9024390243902439 0.8974358974358975 1.0 0.8181818181818182 0.5714285714285714 1.0 nan 1.0
413 276639648437500.0 43 0.9333333333333333 0.875 1.0 1.0 1.0 1.0 1.0 nan nan nan
415 291053789062500.0 413 0.9302325581395349 0.963855421686747 0.8676470588235294 0.8194444444444444 0.7692307692307693 0.6363636363636364 0.7894736842105263 0.5 1.0 0.0
418 153365009765625.0 45 1.0 0.8888888888888888 0.9333333333333333 0.6 1.0 1.0 1.0 1.0 1.0 nan
427 1615031562500000.0 202 1.0 1.0 0.9743589743589743 1.0 1.0 1.0 1.0 1.0 1.0 1.0
428 210907441406250.0 100 0.9428571428571428 0.9666666666666667 0.8571428571428571 0.9 1.0 0.75 nan nan 1.0 nan
449 227122910156250.0 391 0.9487179487179487 0.9090909090909091 0.7066666666666667 0.8125 0.6744186046511628 0.6923076923076923 0.3333333333333333 0.0 0.2 0.5
464 1543748750000000.0 336 0.9637681159420289 0.9620253164556962 0.9245283018867925 0.9 0.9545454545454546 1.0 0.8 1.0 nan nan
479 347714726562500.0 423 0.9504132231404959 0.8956521739130435 0.95 0.9019607843137255 0.8648648648648649 1.0 1.0 0.4 0.0 0.0
482 718827734375000.0 233 0.8382352941176471 0.9019607843137255 0.7380952380952381 0.7241379310344828 0.42105263157894735 0.45454545454545453 0.5 0.25 0.0 0.0
485 308482128906250.0 364 0.9611650485436893 0.9545454545454546 0.9696969696969697 0.9230769230769231 0.8918918918918919 0.9333333333333333 0.9090909090909091 1.0 0.0 0.0
487 374684960937500.0 57 0.6666666666666666 0.8181818181818182 1.0 0.7 0.5555555555555556 1.0 nan 0.0 nan nan
498 153485283203125.0 66 0.9375 0.9333333333333333 0.9 0.9 0.6666666666666666 0.7142857142857143 nan nan 0.0 nan
1 18499222412109.375 8 0.5 0.0 0.0 1.0 0.0 nan nan 0.0 nan nan
6 175182011718750.0 168 1.0 1.0 0.6296296296296297 0.5 0.34375 0.5789473684210527 0.7 nan 0.5 0.6666666666666666
54 185990449218750.0 88 1.0 1.0 0.9473684210526315 0.9333333333333333 0.7142857142857143 0.5 0.0 1.0 nan 1.0
55 23766899414062.5 3 nan 1.0 nan 0.0 nan nan nan nan nan nan
56 13553682861328.125 3 1.0 1.0 nan nan nan nan nan nan nan nan
57 91579785156250.0 22 1.0 0.8 0.8333333333333334 1.0 0.6666666666666666 1.0 nan nan 1.0 nan
58 28395358886718.75 32 0.8333333333333334 0.7142857142857143 0.75 0.8571428571428571 1.0 1.0 nan 1.0 nan nan
60 8901409912109.375 13 0.75 0.5 nan nan 0.0 1.0 nan nan nan nan
61 130180029296875.0 36 0.6923076923076923 0.7142857142857143 0.8333333333333334 1.0 0.75 nan 1.0 nan nan nan
64 55724018554687.5 18 0.6 0.75 1.0 0.5 0.25 nan nan nan nan nan
65 11036832275390.625 18 0.6 0.6666666666666666 0.75 1.0 0.5 1.0 nan nan 1.0 nan
66 118542343750000.0 45 0.5 0.0 0.3333333333333333 0.16666666666666666 0.0 0.0 1.0 0.0 nan nan
108 25652470703125.0 51 0.625 0.6666666666666666 0.2 0.2 0.0 0.0 0.0 0.0 1.0 1.0
128 636518515625000.0 162 1.0 1.0 1.0 1.0 1.0 1.0 1.0 nan nan 1.0
145 579187734375000.0 28 1.0 1.0 1.0 0.0 1.0 0.2 0.0 1.0 0.5 nan
152 345155234375000.0 323 0.9310344827586207 0.9137931034482759 0.8541666666666666 0.8695652173913043 0.7777777777777778 0.6666666666666666 0.6 0.7142857142857143 0.5714285714285714 0.0
174 1248402734375000.0 635 0.959349593495935 0.8571428571428571 0.9051724137931034 0.7787610619469026 0.7941176470588235 0.9508196721311475 0.9333333333333333 1.0 1.0 nan
183 1214862890625000.0 166 0.9855072463768116 0.9722222222222222 1.0 1.0 1.0 1.0 1.0 1.0 nan 0.0
218 1152964218750000.0 234 0.9540229885057471 1.0 0.9487179487179487 1.0 1.0 1.0 1.0 1.0 1.0 1.0
256 1012815156250000.0 47 1.0 1.0 1.0 1.0 0.9 1.0 1.0 1.0 1.0 nan
257 10870152587890.625 2 0.0 nan nan nan 0.0 nan nan nan nan nan
258 71654721679687.5 1 nan nan nan nan nan nan 0.0 nan nan nan
259 13165802001953.125 17 0.5 0.3333333333333333 0.25 0.0 nan nan nan 0.0 0.0 nan
260 6359142456054.6875 23 0.8571428571428571 1.0 1.0 1.0 1.0 0.0 nan nan nan nan
262 153266953125000.0 16 1.0 1.0 1.0 0.75 1.0 1.0 1.0 nan nan nan
263 9063151855468.75 16 0.0 0.3333333333333333 0.5 0.0 0.0 0.5 nan 1.0 1.0 nan
264 85612958984375.0 31 1.0 0.8571428571428571 1.0 1.0 1.0 1.0 nan 1.0 0.5 nan
265 8095170898437.5 7 1.0 0.0 nan 0.0 0.0 nan 1.0 nan nan nan
266 6111649169921.875 6 0.0 0.0 nan nan 0.0 nan nan nan nan nan
267 10411268310546.875 4 0.5 nan nan nan 1.0 nan 0.0 nan nan nan
268 135415273437500.0 111 1.0 1.0 0.9473684210526315 0.9166666666666666 0.8571428571428571 0.8888888888888888 1.0 0.5 0.0 nan
269 16131199951171.875 3 1.0 0.0 nan nan 0.0 nan nan nan nan nan
270 37884067382812.5 18 1.0 1.0 1.0 0.5 nan nan nan nan 1.0 nan
271 45089995117187.5 5 1.0 nan 0.5 nan 0.0 0.0 nan nan nan nan
272 5141899414062.5 32 0.6666666666666666 0.6666666666666666 0.625 0.5 nan nan nan nan nan 1.0
273 57109472656250.0 5 0.5 nan nan nan 1.0 nan nan nan nan nan
274 8691751098632.8125 5 0.0 nan nan nan 0.0 0.0 0.0 nan nan nan
275 27151423339843.75 9 0.0 0.0 nan 0.0 0.0 0.0 nan 0.0 nan nan
276 4825543518066.406 11 1.0 1.0 1.0 nan nan nan nan nan nan nan
277 48064052734375.0 14 1.0 0.5 0.25 0.0 0.0 1.0 nan nan nan nan
278 11943210449218.75 3 nan 0.0 0.0 nan 0.0 nan nan nan nan nan
279 29899230957031.25 70 0.7647058823529411 0.8947368421052632 0.9411764705882353 1.0 1.0 1.0 nan 0.0 0.0 nan
280 12111409912109.375 3 nan 0.0 0.0 1.0 nan nan nan nan nan nan
281 9255816040039.062 21 0.6666666666666666 0.5714285714285714 0.5 0.4 1.0 nan 1.0 0.0 nan nan
282 34039575195312.5 3 0.0 nan 0.5 nan nan nan nan nan nan nan
283 31399296875000.0 11 1.0 0.6666666666666666 0.5 nan nan nan nan 0.0 nan nan
284 29892138671875.0 3 1.0 nan nan nan nan nan nan nan nan 0.0
285 42409033203125.0 13 1.0 1.0 0.0 1.0 0.6666666666666666 nan 1.0 nan nan nan
286 24741723632812.5 13 0.5 1.0 0.0 0.0 0.0 0.5 nan nan nan 1.0
287 10484171142578.125 26 0.0 0.8181818181818182 0.5 1.0 1.0 1.0 1.0 1.0 nan 0.0
288 26108415527343.75 2 nan 1.0 nan nan nan 1.0 nan nan nan nan
289 302920058593750.0 29 1.0 1.0 1.0 1.0 1.0 1.0 1.0 1.0 1.0 1.0
290 38276437988281.25 12 1.0 nan 0.0 0.0 0.0 0.0 nan 0.0 0.0 nan
291 11852352294921.875 2 1.0 nan nan nan 0.0 nan nan nan nan nan
292 29290092773437.5 61 0.9411764705882353 0.9375 0.6 0.75 0.3 0.2 nan 0.3333333333333333 nan nan
293 30430278320312.5 2 0.0 nan nan nan 0.0 nan nan nan nan nan
294 47534467773437.5 15 0.6666666666666666 0.6666666666666666 1.0 1.0 nan nan nan 1.0 nan nan
295 33652919921875.0 5 1.0 1.0 1.0 nan nan nan nan nan nan 0.0
296 23910581054687.5 12 0.6666666666666666 0.6666666666666666 0.0 nan 0.0 nan nan nan nan nan
297 40216091308593.75 6 0.25 0.0 nan nan nan nan nan nan nan nan
298 44899726562500.0 7 1.0 0.0 nan nan nan 1.0 nan nan 0.0 nan
299 8663289794921.875 17 0.3333333333333333 0.0 0.0 0.5 0.0 0.0 nan 0.0 nan nan
300 121462031250000.0 34 1.0 0.9 0.8333333333333334 1.0 1.0 0.0 nan 0.0 nan 0.0
301 25475078125000.0 13 0.5 0.6666666666666666 0.3333333333333333 0.3333333333333333 1.0 0.0 nan nan nan nan
302 28647487792968.75 13 0.6666666666666666 0.0 nan nan 0.5 1.0 nan nan nan nan
303 10240147705078.125 8 0.5 0.0 0.0 0.0 nan 1.0 nan nan nan 0.0
304 4535097351074.219 23 0.8 0.2 0.5 1.0 nan 0.0 nan nan nan nan
305 104463378906250.0 11 1.0 1.0 0.0 0.0 0.0 0.5 nan nan nan nan
306 48473735351562.5 23 1.0 0.6666666666666666 1.0 1.0 0.0 0.3333333333333333 1.0 0.6666666666666666 0.0 nan
307 11763585205078.125 1 nan nan nan nan 1.0 nan nan nan nan nan
308 8466239013671.875 6 nan 0.0 0.0 0.0 nan nan 0.0 nan nan nan
309 29242143554687.5 11 0.5 1.0 nan 0.0 0.5 1.0 1.0 nan nan nan
310 27431970214843.75 3 1.0 nan nan nan nan nan nan 1.0 nan nan
311 27958393554687.5 3 nan 0.0 nan nan nan nan nan 0.0 nan nan
313 22949243164062.5 38 0.8823529411764706 1.0 0.75 0.0 nan nan 0.0 0.0 nan nan
314 29863317871093.75 6 0.3333333333333333 nan 0.0 0.0 0.0 nan nan nan nan nan
315 7076784667968.75 2 1.0 nan nan nan nan nan nan nan nan 0.0
316 33745927734375.0 13 1.0 1.0 0.3333333333333333 0.3333333333333333 1.0 nan nan nan nan nan
317 21825148925781.25 53 0.5 0.3 0.0 0.2 0.1 0.42857142857142855 1.0 1.0 nan nan
318 45756157226562.5 4 0.3333333333333333 nan nan nan nan 0.0 nan nan nan nan
319 69481650390625.0 8 1.0 1.0 0.0 nan 1.0 1.0 nan nan nan nan
320 7601036987304.6875 11 1.0 1.0 0.6666666666666666 0.6666666666666666 nan nan 0.0 nan 0.0 nan
321 11907365722656.25 21 0.2 0.5 0.0 0.0 0.0 0.0 0.0 0.0 nan nan
322 36965959472656.25 7 0.0 0.5 0.0 nan nan 0.0 nan nan nan nan
323 5222114257812.5 5 1.0 0.5 nan nan 1.0 1.0 nan nan nan nan
324 39312783203125.0 14 0.42857142857142855 0.25 nan nan 0.0 0.0 nan nan nan nan
325 10068181762695.312 8 1.0 1.0 1.0 1.0 nan 1.0 1.0 nan nan nan
326 11573637695312.5 11 1.0 nan 0.75 1.0 0.6666666666666666 1.0 nan nan nan 1.0
327 34424541015625.0 3 1.0 0.0 nan nan nan nan nan nan nan nan
328 16523728027343.75 9 0.0 0.0 0.0 0.0 1.0 0.0 1.0 nan nan nan
329 14293699951171.875 16 1.0 0.4 0.75 0.6666666666666666 1.0 nan nan 1.0 nan nan
331 34719873046875.0 12 1.0 0.8 1.0 0.0 nan nan nan 0.0 nan nan
332 23862116699218.75 2 nan 0.0 nan nan nan 0.0 nan nan nan nan
333 27610583496093.75 3 nan nan 1.0 0.0 nan 1.0 nan nan nan nan
334 19168024902343.75 18 0.8571428571428571 0.8 0.3333333333333333 nan 0.5 nan 1.0 nan nan nan
335 25916875000000.0 10 nan 1.0 1.0 1.0 1.0 1.0 nan nan 0.0 nan
336 20224562988281.25 12 0.0 0.75 0.8 nan 1.0 nan nan nan nan nan
337 35807995605468.75 9 1.0 1.0 0.0 0.0 0.0 nan nan nan nan nan
338 8778751220703.125 17 0.8333333333333334 1.0 1.0 1.0 nan nan nan nan nan 1.0
339 38240610351562.5 8 0.5 1.0 nan nan 0.0 nan 1.0 nan nan nan
341 8332424316406.25 4 0.0 nan 0.0 0.0 nan nan nan nan nan nan
342 38124265136718.75 60 0.6470588235294118 0.5714285714285714 0.2222222222222222 0.3333333333333333 0.0 0.5 1.0 nan 1.0 nan
343 8704253540039.0625 5 0.0 1.0 0.0 1.0 nan nan 0.0 nan nan nan
344 15606352539062.5 8 0.2 nan nan nan nan 0.0 nan 0.0 nan 0.0
345 13362395019531.25 2 nan 0.0 nan nan nan nan nan nan nan nan
346 30081914062500.0 7 0.5 0.0 0.0 nan 0.0 nan nan nan nan nan
347 26196582031250.0 4 1.0 1.0 nan 1.0 nan nan nan nan nan nan
348 100554609375000.0 17 1.0 1.0 1.0 0.6666666666666666 0.5 0.0 nan 0.0 nan nan
349 12323088378906.25 17 0.8 1.0 0.25 0.0 0.0 0.0 0.5 nan nan 1.0
350 17228649902343.75 4 0.5 nan nan 0.0 1.0 nan nan nan nan nan
351 5689197387695.3125 7 1.0 1.0 nan 0.0 nan 0.0 nan nan 0.0 nan
352 25200454101562.5 7 1.0 0.5 0.5 nan nan nan nan 0.0 nan nan
353 10961105957031.25 12 0.3333333333333333 0.0 0.0 0.0 0.25 nan 0.0 nan nan 1.0
354 32711145019531.25 24 0.8571428571428571 0.8 nan 0.0 0.5 nan 0.0 0.0 0.0 nan
355 11205203857421.875 6 nan 1.0 1.0 nan 0.5 nan 1.0 nan nan nan
356 7289202880859.375 22 1.0 0.0 0.2 0.3333333333333333 0.75 1.0 1.0 1.0 nan nan
357 8742772827148.4375 10 1.0 0.0 0.0 0.0 nan 0.0 0.0 nan nan nan
358 24521391601562.5 14 1.0 0.5 0.0 0.0 0.0 0.0 0.0 nan 0.0 nan
360 24749121093750.0 3 0.0 nan nan 0.0 nan nan nan nan nan 0.0
361 33764865722656.25 4 0.0 nan 0.0 nan 0.0 0.0 nan nan nan nan
362 17215562744140.625 32 1.0 1.0 0.2 0.46153846153846156 1.0 1.0 1.0 nan nan nan
363 24295085449218.75 5 0.5 0.0 nan 0.0 nan nan nan nan nan 1.0
364 29381979980468.75 25 0.5 0.2 0.25 0.0 0.0 0.6666666666666666 nan nan nan nan
365 20011450195312.5 7 1.0 0.0 nan nan 0.5 nan nan nan 1.0 nan
366 88326875000000.0 92 0.8636363636363636 0.7391304347826086 0.75 0.5454545454545454 0.3333333333333333 0.16666666666666666 0.16666666666666666 1.0 0.0 nan
367 22769833984375.0 12 0.8571428571428571 1.0 1.0 0.0 nan nan nan nan nan 0.0
368 25604455566406.25 15 nan 1.0 1.0 1.0 1.0 1.0 nan nan 1.0 nan
369 29957741699218.75 11 0.8 0.0 1.0 1.0 nan nan nan nan 0.0 nan
371 30085646972656.25 5 1.0 nan nan nan nan 1.0 nan nan nan nan
372 10353853759765.625 4 1.0 nan 1.0 nan 1.0 1.0 nan nan nan nan
373 9815801391601.562 31 0.8 0.0 0.2857142857142857 0.0 0.0 nan 0.5 nan nan 1.0
375 24745581054687.5 9 0.6 0.0 nan nan 0.0 nan 1.0 nan nan nan
376 7288394165039.0625 14 1.0 0.8333333333333334 1.0 1.0 1.0 nan nan nan 1.0 nan
377 16065122070312.5 12 0.0 0.0 0.0 0.0 nan 1.0 nan 0.0 nan nan
378 14516639404296.875 22 0.2 0.5 1.0 0.0 0.0 nan 0.0 nan 0.0 nan
379 21018552246093.75 3 nan 0.0 nan nan nan nan nan nan 0.0 nan
380 12172978515625.0 14 1.0 1.0 1.0 0.3333333333333333 nan nan 1.0 nan nan nan
381 28134724121093.75 14 0.5 0.25 nan 1.0 1.0 nan 1.0 0.0 nan nan
382 245363710937500.0 66 1.0 1.0 1.0 1.0 1.0 1.0 1.0 nan nan nan
383 22248649902343.75 5 0.0 0.0 0.0 nan nan 1.0 nan 1.0 nan nan
384 7131677246093.75 4 0.0 nan nan 0.0 nan nan nan 0.0 nan nan
386 1461231079101.5625 1 nan 1.0 nan nan nan nan nan nan nan nan
388 13110510253906.25 18 1.0 1.0 1.0 0.5 1.0 1.0 1.0 nan nan nan
389 87019873046875.0 29 0.8888888888888888 0.75 0.6666666666666666 0.6 0.8 1.0 nan 0.0 nan nan
390 9985094604492.188 3 0.0 nan 0.0 nan nan nan nan nan 0.0 nan
391 4331434631347.6562 10 1.0 1.0 0.0 0.5 nan nan nan 0.0 1.0 nan
392 30590549316406.25 28 1.0 0.5 0.5714285714285714 1.0 1.0 0.0 0.0 nan nan 0.0
393 3040118713378.9062 3 nan 0.0 nan nan nan nan 0.0 nan nan nan
394 60058647460937.5 4 0.0 nan 0.0 nan nan nan nan 0.0 nan nan
395 26514943847656.25 7 0.25 nan 0.0 0.0 nan nan nan 0.0 nan nan
396 24113334960937.5 21 1.0 0.6666666666666666 0.875 1.0 nan 0.0 nan 0.0 nan nan
397 4905227050781.25 3 nan nan nan 0.5 0.0 nan nan nan nan nan
398 44252866210937.5 30 1.0 0.8888888888888888 1.0 1.0 1.0 1.0 1.0 nan nan nan
399 26055285644531.25 22 0.7142857142857143 0.625 0.3333333333333333 nan 0.0 nan 1.0 0.0 nan nan
400 21005659179687.5 9 0.5 0.6666666666666666 nan 0.0 1.0 nan nan nan 0.0 nan
402 10248748779296.875 4 0.0 nan 0.0 nan nan nan 0.0 nan nan nan
403 16305258789062.5 43 0.5 0.42857142857142855 0.5 0.375 0.16666666666666666 0.3333333333333333 0.0 0.5 1.0 1.0
404 31052841796875.0 20 0.625 0.0 0.0 0.0 0.0 0.5 nan nan nan nan
405 20648911132812.5 42 0.7894736842105263 0.5 0.8 0.8333333333333334 1.0 nan nan nan nan nan
406 17808074951171.875 12 0.7142857142857143 0.3333333333333333 nan nan 1.0 nan nan nan nan nan
407 9891765747070.312 30 0.8666666666666667 0.7142857142857143 1.0 1.0 nan nan nan nan nan nan
408 119439902343750.0 24 1.0 0.5 0.5 0.6 0.6666666666666666 0.0 nan nan nan nan
409 1935828094482.4219 3 0.0 nan nan nan 0.0 nan nan nan nan nan
410 34931154785156.25 4 1.0 nan 0.0 nan 0.0 0.0 nan nan nan nan
411 61501132812500.0 13 nan 1.0 0.6666666666666666 0.5 0.3333333333333333 0.3333333333333333 nan 0.0 nan nan
414 27957199707031.25 36 1.0 1.0 0.4 0.4 0.16666666666666666 0.125 0.0 0.0 1.0 nan
416 357379531250000.0 18 1.0 1.0 1.0 1.0 1.0 1.0 nan 1.0 nan nan
417 64469848632812.5 29 1.0 1.0 1.0 1.0 1.0 1.0 1.0 1.0 1.0 nan
419 5613694458007.8125 3 nan 0.3333333333333333 nan nan nan nan nan nan nan nan
420 94576083984375.0 42 1.0 1.0 1.0 1.0 1.0 1.0 nan nan nan 0.0
421 2807923889160.1562 8 1.0 0.0 0.0 nan nan 1.0 nan nan nan 0.0
422 66494482421875.0 16 0.6 0.75 0.0 0.0 0.0 nan 1.0 nan nan nan
423 67479033203125.0 19 0.8888888888888888 1.0 1.0 1.0 1.0 nan nan 0.0 nan nan
424 30530986328125.0 36 0.8181818181818182 0.8888888888888888 0.8571428571428571 0.6666666666666666 1.0 1.0 nan nan nan nan
426 42212622070312.5 10 0.6666666666666666 1.0 1.0 nan 1.0 0.5 nan nan nan nan
429 135955341796875.0 27 0.9090909090909091 1.0 1.0 0.75 1.0 nan nan nan 1.0 nan
430 20957548828125.0 10 1.0 0.5 0.3333333333333333 nan nan 1.0 nan 0.0 nan nan
431 4869086608886.719 9 1.0 0.5 1.0 0.0 0.0 1.0 nan nan nan nan
432 34709401855468.75 29 1.0 0.8 0.75 0.75 1.0 0.0 0.0 nan nan nan
434 36719355468750.0 12 1.0 1.0 0.0 1.0 0.5 nan nan nan 0.0 nan
435 19368953857421.875 12 0.5 1.0 0.3333333333333333 0.0 nan 1.0 nan nan nan nan
436 88274570312500.0 8 1.0 1.0 nan 1.0 0.0 0.0 1.0 nan nan nan
437 88862568359375.0 24 0.7777777777777778 0.5 0.8 0.5 0.0 1.0 nan 1.0 nan nan
438 5878142700195.3125 4 1.0 1.0 nan 1.0 nan nan nan nan 0.0 nan
439 30127668457031.25 3 1.0 0.0 nan nan nan 1.0 nan nan nan nan
440 53078945312500.0 7 1.0 1.0 nan nan nan nan nan nan nan 0.0
441 86079101562500.0 61 1.0 0.8421052631578947 1.0 0.8 nan 1.0 0.0 nan nan nan
442 37262270507812.5 3 nan 0.0 1.0 nan nan 0.0 nan nan nan nan
443 3436906433105.4688 1 nan nan nan nan nan nan nan nan 1.0 nan
444 56603120117187.5 22 0.7272727272727273 0.75 1.0 0.5 nan nan 1.0 nan nan nan
445 118605468750000.0 152 0.9629629629629629 0.8048780487804879 0.6176470588235294 0.6521739130434783 0.8947368421052632 1.0 nan 1.0 nan nan
447 6282348632812.5 13 0.75 0.5 0.5 1.0 1.0 1.0 1.0 nan nan 0.0
448 20031572265625.0 53 0.85 0.75 0.5714285714285714 0.8 0.6 0.0 0.0 nan 0.0 nan
450 22683115234375.0 3 nan nan 1.0 nan 0.0 nan nan nan nan nan
451 10972076416015.625 7 nan 0.0 0.3333333333333333 nan 1.0 0.0 nan nan nan nan
452 217804003906250.0 30 0.75 1.0 1.0 0.6666666666666666 0.8 1.0 nan 1.0 nan 1.0
454 41885605468750.0 25 0.8333333333333334 1.0 0.6666666666666666 0.25 0.0 0.25 nan 1.0 nan nan
455 44619155273437.5 7 0.0 0.0 0.0 0.5 nan 0.0 nan nan nan nan
457 53412578125000.0 27 1.0 0.75 0.7142857142857143 0.5 0.4 0.0 nan nan 1.0 nan
459 34624094238281.25 16 0.6666666666666666 1.0 0.6666666666666666 1.0 0.5 nan 0.0 nan 0.0 nan
460 46060341796875.0 13 0.5 1.0 0.0 0.3333333333333333 0.0 0.0 0.0 nan nan nan
461 13260872802734.375 5 nan 1.0 nan 0.0 nan 0.0 nan nan nan nan
462 130184355468750.0 19 0.42857142857142855 1.0 0.6666666666666666 1.0 0.0 0.25 nan 0.0 nan nan
463 10759650878906.25 6 0.0 1.0 nan 1.0 0.0 nan 0.0 nan nan 1.0
465 60841918945312.5 23 1.0 1.0 1.0 1.0 nan 0.5 nan nan nan nan
466 3524932250976.5625 6 0.6666666666666666 nan 1.0 1.0 nan nan nan nan 1.0 nan
467 6384449462890.625 2 nan nan nan nan 0.0 nan nan nan nan nan
468 30885354003906.25 1 nan nan nan nan nan nan nan nan nan nan
469 17154525146484.375 10 0.0 1.0 0.3333333333333333 0.0 nan 1.0 1.0 0.0 1.0 nan
470 44199028320312.5 39 1.0 1.0 1.0 0.6666666666666666 0.3333333333333333 0.6 0.6666666666666666 0.0 0.0 0.0
471 10405080566406.25 14 0.6666666666666666 1.0 0.4 1.0 0.0 nan nan nan nan 0.0
472 36797563476562.5 5 1.0 1.0 nan 1.0 nan 1.0 nan nan nan nan
473 11654105224609.375 3 0.0 0.0 nan nan nan 0.0 nan nan nan nan
474 23892861328125.0 8 0.6666666666666666 1.0 1.0 nan nan 0.0 nan nan nan nan
476 7966046142578.125 1 nan nan nan 0.0 nan nan nan nan nan nan
477 14128135986328.125 24 1.0 0.0 0.25 0.0 0.0 0.0 0.0 0.0 1.0 0.0
478 21235087890625.0 10 0.5 0.5 0.0 0.3333333333333333 nan nan nan nan 0.0 nan
480 26045883789062.5 11 1.0 1.0 1.0 1.0 1.0 nan nan nan nan nan
481 137983847656250.0 14 0.5 0.0 0.5 0.3333333333333333 0.0 nan 0.0 nan nan nan
483 21636350097656.25 1 nan nan 1.0 nan nan nan nan nan nan nan
484 27662839355468.75 1 nan nan nan nan nan nan nan nan nan nan
488 12877701416015.625 7 0.3333333333333333 0.0 nan 0.0 nan 1.0 nan nan 1.0 nan
489 27129645996093.75 6 nan 1.0 nan 0.5 1.0 0.0 nan nan nan nan
490 49847119140625.0 39 0.75 0.5 0.4 0.16666666666666666 0.0 0.8181818181818182 1.0 nan nan nan
491 21821843261718.75 6 0.0 0.75 nan nan 0.0 nan nan nan nan nan
492 19659552001953.125 28 0.0 0.0 0.3333333333333333 0.0 0.0 0.5 1.0 nan nan 1.0
493 23131791992187.5 7 1.0 1.0 1.0 0.0 nan nan 1.0 nan nan nan
494 16400635986328.125 5 0.6666666666666666 nan 1.0 1.0 nan nan nan nan nan nan
495 86191328125000.0 35 0.8888888888888888 0.8333333333333334 0.42857142857142855 0.3333333333333333 0.3333333333333333 1.0 0.0 0.0 nan 0.0
496 6612980346679.6875 5 0.5 0.0 nan nan 1.0 nan nan 0.0 nan nan
497 39670249023437.5 18 0.8 0.5555555555555556 nan nan 0.0 1.0 1.0 nan nan nan
499 9355907592773.438 1 0.0 nan nan nan nan nan nan nan nan nan
500 10084321289062.5 3 0.0 nan 1.0 1.0 nan nan nan nan nan nan
501 17770979003906.25 7 nan 1.0 0.6666666666666666 0.5 nan 1.0 nan nan nan nan
502 84965605468750.0 17 1.0 1.0 1.0 1.0 nan 1.0 nan nan nan nan
503 22097978515625.0 3 1.0 1.0 nan nan nan nan 0.0 nan nan nan
504 29347480468750.0 21 1.0 1.0 1.0 1.0 1.0 nan nan nan 0.0 nan
505 21799758300781.25 7 0.3333333333333333 0.0 1.0 nan 1.0 nan 0.0 nan nan nan
506 8613192749023.4375 4 1.0 0.0 nan nan nan 1.0 nan nan nan nan
507 12384837646484.375 11 0.3333333333333333 0.3333333333333333 0.0 0.0 0.0 nan 0.0 nan nan nan
508 13751212158203.125 7 nan 0.0 1.0 0.0 0.0 nan nan nan 0.0 nan
509 65785874023437.5 18 1.0 1.0 1.0 1.0 nan nan nan 0.0 nan nan
510 199658613281250.0 25 1.0 1.0 1.0 1.0 1.0 nan nan nan nan nan
