0 103993447265625.0 109 0.9375 0.6666666666666666 0.3333333333333333 1.0 0.0 0.0 nan nan 0.0 0.958904109589041
1 18499222412109.375 23 0.5 0.0 0.0 1.0 0.0 nan nan 0.0 nan 0.8666666666666667
2 756052578125000.0 344 1.0 1.0 1.0 1.0 1.0 1.0 nan 1.0 nan 1.0
3 20616391601562.5 85 0.3 0.42857142857142855 0.0 0.0 0.0 0.25 0.0 0.0 0.0 0.34146341463414637
4 67820849609375.0 64 0.7142857142857143 0.3333333333333333 0.25 0.3333333333333333 0.6666666666666666 0.0 nan nan nan 0.8181818181818182
5 18050224609375.0 11 nan 1.0 0.0 nan nan nan nan 0.0 nan 0.7142857142857143
6 175182011718750.0 277 1.0 1.0 0.6296296296296297 0.5 0.34375 0.5789473684210527 0.7 nan 0.5 0.9553571428571429
7 31474702148437.5 86 0.6923076923076923 1.0 0.5714285714285714 0.0 0.5 1.0 0.0 nan nan 0.9074074074074074
8 12380202636718.75 11 1.0 1.0 nan nan nan nan nan nan 1.0 1.0
9 88636582031250.0 98 0.9285714285714286 0.8181818181818182 0.6666666666666666 0.5714285714285714 0.8333333333333334 1.0 1.0 1.0 nan 0.9772727272727273
10 27617988281250.0 19 1.0 0.0 0.0 1.0 nan nan nan nan 0.0 0.5
11 154123710937500.0 230 0.9230769230769231 0.9375 1.0 1.0 1.0 1.0 0.5 nan nan 0.9573170731707317
12 8208830566406.25 120 0.9285714285714286 1.0 0.0 1.0 0.6 1.0 nan 0.0 nan 0.9204545454545454
13 103804384765625.0 133 0.8 0.6363636363636364 0.4375 0.36363636363636365 0.6666666666666666 0.0 0.0 0.0 0.0 0.828125
15 249844960937500.0 152 0.7222222222222222 0.6666666666666666 0.6 0.5 0.6363636363636364 0.6666666666666666 0.0 nan 0.0 0.9555555555555556
16 142601855468750.0 137 1.0 0.875 0.9565217391304348 1.0 1.0 1.0 nan 1.0 nan 0.9672131147540983
17 10733402099609.375 22 0.6666666666666666 0.0 0.25 nan 0.0 nan 0.0 nan nan 1.0
18 146568505859375.0 88 1.0 1.0 0.6666666666666666 1.0 0.8 1.0 1.0 nan nan 1.0
19 19399882812500.0 21 0.0 1.0 0.0 nan 0.0 nan nan nan nan 0.46153846153846156
20 89449687500000.0 79 0.875 1.0 1.0 1.0 0.5 1.0 nan 0.0 nan 1.0
21 46399804687500.0 32 1.0 1.0 1.0 nan 1.0 nan nan nan nan 0.9166666666666666
22 216435703125000.0 47 1.0 1.0 1.0 0.5 nan nan nan nan nan 1.0
23 37979436035156.25 49 1.0 1.0 1.0 0.8333333333333334 1.0 0.0 0.0 nan 0.0 0.9444444444444444
24 18667209472656.25 33 1.0 0.6666666666666666 1.0 nan 0.0 nan nan nan nan 1.0
25 114883544921875.0 329 0.9047619047619048 0.975609756097561 1.0 1.0 1.0 1.0 1.0 1.0 1.0 0.9813664596273292
26 75395571289062.5 17 1.0 nan 0.0 nan 0.0 nan nan 0.0 nan 0.9166666666666666
27 277038339843750.0 1062 0.956140350877193 0.9385964912280702 0.9316239316239316 0.99 1.0 1.0 0.5714285714285714 nan 0.0 0.9805996472663139
28 10447738037109.375 44 0.0 0.5 0.0 0.0 0.0 nan 0.0 nan nan 0.7428571428571429
29 71992192382812.5 54 0.6 0.6666666666666666 0.0 0.25 0.5 nan 0.0 0.0 nan 0.8333333333333334
30 34524260253906.25 93 1.0 0.9166666666666666 0.7777777777777778 0.75 0.3333333333333333 1.0 nan 1.0 nan 0.925
31 181805859375000.0 94 1.0 0.8888888888888888 1.0 1.0 nan 0.0 nan 1.0 nan 0.9692307692307692
32 80601904296875.0 39 0.2857142857142857 0.8 0.2857142857142857 0.75 1.0 0.0 nan nan nan 0.6153846153846154
33 157384726562500.0 18 1.0 nan 1.0 0.0 0.8333333333333334 nan 1.0 nan nan 1.0
34 178154375000000.0 140 1.0 1.0 1.0 1.0 1.0 nan nan nan nan 0.9791666666666666
35 33426843261718.75 33 0.75 1.0 nan 0.0 nan nan 0.0 nan 0.0 0.9583333333333334
36 92029521484375.0 256 0.8571428571428571 0.8666666666666667 0.8333333333333334 0.8571428571428571 0.5 0.0 0.5 0.75 0.5 0.9790575916230366
37 311139472656250.0 17 nan 1.0 1.0 1.0 1.0 1.0 1.0 nan nan 1.0
38 263994765625000.0 170 0.9230769230769231 0.9523809523809523 1.0 1.0 1.0 1.0 1.0 nan nan 0.9834710743801653
39 37843220214843.75 98 1.0 0.5 1.0 0.7142857142857143 0.3333333333333333 0.75 1.0 1.0 0.5 0.9454545454545454
41 109815712890625.0 55 0.6 0.5 0.7 0.16666666666666666 0.0 nan 1.0 nan nan 0.6428571428571429
42 43269794921875.0 15 1.0 nan 0.2 1.0 nan 1.0 nan nan nan 1.0
43 246961230468750.0 416 1.0 0.9024390243902439 0.8888888888888888 0.7272727272727273 0.875 1.0 0.5 0.0 0.0 0.996551724137931
45 63544052734375.0 73 1.0 0.8571428571428571 0.5 0.6 0.4 nan nan 1.0 1.0 1.0
46 28421589355468.75 14 1.0 nan 1.0 nan nan 0.0 1.0 nan nan 0.7
47 146414580078125.0 120 1.0 0.9090909090909091 0.8 1.0 nan 1.0 nan 1.0 nan 0.961038961038961
48 57833295898437.5 64 1.0 0.8333333333333334 0.6 0.0 0.3333333333333333 1.0 0.8 nan nan 0.92
49 15440462646484.375 19 0.3333333333333333 1.0 nan 1.0 nan nan nan nan nan 1.0
50 232353632812500.0 143 1.0 0.6666666666666666 0.6666666666666666 0.6666666666666666 0.4 0.0 0.0 0.5 nan 0.9782608695652174
51 7324923706054.6875 67 0.4 0.2857142857142857 0.2857142857142857 0.0 1.0 0.0 nan nan nan 0.6410256410256411
52 81220625000000.0 123 0.9 1.0 1.0 1.0 0.7142857142857143 0.5 0.5 0.5 0.0 0.9436619718309859
54 185990449218750.0 175 1.0 1.0 0.9473684210526315 0.9333333333333333 0.7142857142857143 0.5 0.0 1.0 nan 1.0
55 23766899414062.5 7 nan 1.0 nan 0.0 nan nan nan nan nan 0.75
56 13553682861328.125 15 1.0 1.0 nan nan nan nan nan nan nan 0.75
57 91579785156250.0 51 1.0 0.8 0.8333333333333334 1.0 0.6666666666666666 1.0 nan nan 1.0 1.0
58 28395358886718.75 45 0.8333333333333334 0.7142857142857143 0.75 0.8571428571428571 1.0 1.0 nan 1.0 nan 0.7692307692307693
59 169974042968750.0 263 0.9230769230769231 0.9629629629629629 1.0 0.9 0.6666666666666666 0.0 1.0 1.0 0.0 0.9371428571428572
60 8901409912109.375 88 0.75 0.5 nan nan 0.0 1.0 nan nan nan 0.8533333333333334
61 130180029296875.0 93 0.6923076923076923 0.7142857142857143 0.8333333333333334 1.0 0.75 nan 1.0 nan nan 0.9122807017543859
63 268857246093750.0 700 0.972972972972973 0.9523809523809523 0.9195402298850575 1.0 1.0 1.0 0.6666666666666666 nan nan 0.9875
64 55724018554687.5 37 0.6 0.75 1.0 0.5 0.25 nan nan nan nan 1.0
65 11036832275390.625 33 0.6 0.6666666666666666 0.75 1.0 0.5 1.0 nan nan 1.0 0.9333333333333333
66 118542343750000.0 93 0.5 0.0 0.3333333333333333 0.16666666666666666 0.0 0.0 1.0 0.0 nan 0.8125
67 14651885986328.125 185 1.0 0.8571428571428571 1.0 nan nan 0.0 nan nan nan 0.9447852760736196
68 547928750000000.0 637 1.0 1.0 1.0 1.0 1.0 1.0 1.0 1.0 0.75 1.0
69 76667744140625.0 48 0.8571428571428571 0.8333333333333334 0.5 nan nan 1.0 nan 0.0 nan 0.8387096774193549
70 209303125000000.0 104 1.0 1.0 1.0 1.0 1.0 1.0 nan nan nan 1.0
71 37429362792968.75 49 0.7142857142857143 1.0 1.0 0.5 nan 0.0 0.0 nan nan 0.9714285714285714
72 20339136962890.625 21 1.0 0.5 0.0 0.6666666666666666 1.0 1.0 1.0 nan nan 0.8888888888888888
73 132014150390625.0 111 0.8571428571428571 0.6666666666666666 0.75 0.2857142857142857 0.3333333333333333 nan 0.5 nan nan 0.9240506329113924
74 149374619140625.0 158 0.9473684210526315 0.9166666666666666 0.9166666666666666 0.7142857142857143 1.0 1.0 1.0 nan 0.0 0.9504950495049505
75 301412812500000.0 285 0.7941176470588235 0.7142857142857143 0.5454545454545454 0.5833333333333334 0.14285714285714285 0.45454545454545453 0.25 0.0 0.0 0.7443181818181818
76 7899136352539.0625 22 0.5 0.0 nan 0.3333333333333333 0.0 0.0 nan 0.0 0.0 0.375
77 86973027343750.0 68 0.8333333333333334 0.6666666666666666 0.0 0.0 0.5 nan nan nan nan 0.9
78 32625427246093.75 11 0.0 nan nan nan nan nan 1.0 nan nan 0.8888888888888888
79 210135117187500.0 216 0.9545454545454546 0.75 1.0 1.0 1.0 1.0 nan 0.0 nan 0.9559748427672956
80 105529140625000.0 25 1.0 nan 1.0 nan nan nan 1.0 nan nan 0.9523809523809523
82 255278398437500.0 110 0.7333333333333333 0.8333333333333334 0.5 0.42857142857142855 0.0 0.0 nan 0.0 0.0 0.7846153846153846
83 87623486328125.0 295 0.9705882352941176 0.9310344827586207 0.9565217391304348 0.9333333333333333 1.0 1.0 nan nan 0.5 1.0
85 16184313964843.75 8 nan 0.0 0.6666666666666666 nan nan nan nan nan nan 0.75
86 163877265625000.0 184 1.0 0.8333333333333334 0.9333333333333333 0.7 1.0 0.8571428571428571 0.0 nan 1.0 0.9888888888888889
87 22463662109375.0 23 1.0 1.0 1.0 nan 1.0 nan 0.0 nan nan 1.0
88 13141962890625.0 28 1.0 1.0 0.5714285714285714 0.6 1.0 1.0 0.0 nan 1.0 1.0
89 67522412109375.0 56 1.0 1.0 1.0 nan nan 1.0 nan nan nan 0.9722222222222222
90 31128559570312.5 38 0.8 1.0 nan 0.0 nan nan 0.0 1.0 nan 0.8928571428571429
91 130331904296875.0 119 0.9523809523809523 0.8947368421052632 0.7142857142857143 0.5 0.0 nan nan nan 0.0 0.8382352941176471
92 13937562255859.375 93 1.0 1.0 1.0 0.8 0.5 1.0 nan nan nan 1.0
93 105826357421875.0 95 1.0 1.0 1.0 nan 1.0 nan 0.0 nan nan 0.9558823529411765
94 41648442382812.5 21 0.5 1.0 nan nan 0.0 nan nan 1.0 nan 1.0
95 245395449218750.0 187 1.0 1.0 0.8857142857142857 0.9 0.9166666666666666 1.0 1.0 nan nan 0.9473684210526315
96 88000888671875.0 131 1.0 1.0 1.0 1.0 1.0 1.0 nan nan nan 1.0
97 28688374023437.5 26 0.0 0.3333333333333333 0.25 0.0 0.0 0.0 nan nan 0.0 1.0
98 222814824218750.0 98 0.7777777777777778 0.7272727272727273 0.6666666666666666 1.0 0.5 nan 1.0 nan nan 0.9402985074626866
99 36483415527343.75 72 0.8 0.6666666666666666 0.6666666666666666 0.5 0.0 0.0 0.0 0.0 nan 0.8478260869565217
100 50164140625000.0 176 0.8148148148148148 0.6 0.875 1.0 0.0 nan 0.0 nan nan 0.9349593495934959
101 9414797363281.25 8 nan nan nan nan nan 0.0 nan nan nan 0.8333333333333334
102 140890302734375.0 50 0.75 0.3333333333333333 1.0 1.0 1.0 0.0 nan nan nan 0.90625
103 20184025878906.25 46 0.75 0.4 0.0 0.0 nan nan 0.0 0.0 nan 0.8928571428571429
104 25334594726562.5 13 nan 1.0 1.0 nan 1.0 nan nan nan 1.0 0.5
105 85809736328125.0 155 0.8461538461538461 1.0 1.0 0.8571428571428571 1.0 nan 1.0 nan 1.0 0.9908256880733946
106 38820195312500.0 25 1.0 0.5 0.0 0.0 nan nan nan nan nan 0.9411764705882353
107 197409218750000.0 269 0.76 0.6666666666666666 0.7142857142857143 0.8 0.3333333333333333 0.5 0.5 0.8333333333333334 nan 0.8647342995169082
108 25652470703125.0 140 0.625 0.6666666666666666 0.2 0.2 0.0 0.0 0.0 0.0 1.0 0.8111111111111111
109 119418310546875.0 76 0.8888888888888888 1.0 1.0 0.5 nan 0.0 nan 0.0 nan 0.9811320754716981
110 85468945312500.0 112 1.0 1.0 1.0 1.0 1.0 1.0 1.0 1.0 nan 1.0
111 298153281250000.0 186 0.7368421052631579 0.7142857142857143 0.5714285714285714 0.6470588235294118 0.5454545454545454 0.4 1.0 nan nan 0.9285714285714286
112 70702524414062.5 90 0.9166666666666666 0.8571428571428571 0.3333333333333333 0.6666666666666666 0.8 1.0 0.5 nan 0.0 0.9642857142857143
113 11632553710937.5 4 1.0 nan nan nan 1.0 nan 1.0 nan nan 0.0
114 187134531250000.0 189 0.9130434782608695 0.7857142857142857 1.0 0.8571428571428571 0.4 0.25 0.0 0.0 1.0 1.0
115 20010897216796.875 101 0.8461538461538461 0.6 1.0 0.3333333333333333 nan nan nan 0.0 nan 0.8552631578947368
117 63712641601562.5 28 1.0 1.0 1.0 1.0 nan 1.0 nan nan nan 1.0
118 273915273437500.0 200 1.0 0.7894736842105263 0.8333333333333334 0.875 0.6 0.8 nan 1.0 1.0 0.9919354838709677
119 51415083007812.5 43 0.6666666666666666 0.6666666666666666 1.0 nan 0.0 1.0 nan 1.0 nan 0.9375
120 25997985839843.75 25 nan 0.0 nan 0.6666666666666666 1.0 1.0 nan 1.0 nan 0.6875
121 103997187500000.0 268 1.0 0.9032258064516129 0.8695652173913043 0.8333333333333334 0.8 0.75 0.0 nan nan 0.9798657718120806
122 51072827148437.5 21 nan 1.0 1.0 1.0 1.0 0.3333333333333333 0.0 nan nan 0.9
123 173213222656250.0 308 1.0 0.7727272727272727 0.8148148148148148 0.6521739130434783 0.7692307692307693 0.7894736842105263 1.0 1.0 0.0 0.958041958041958
124 4608048095703.125 17 1.0 nan 0.5 nan nan 0.0 nan nan nan 0.9166666666666666
125 65006171875000.0 20 1.0 0.3333333333333333 nan nan 1.0 nan nan nan nan 1.0
126 27909360351562.5 32 0.6666666666666666 0.0 0.0 0.0 nan 0.0 nan 0.0 nan 0.9047619047619048
127 153895703125000.0 101 0.9 0.75 0.5 0.875 nan 1.0 nan 0.0 nan 0.9846153846153847
128 636518515625000.0 475 1.0 1.0 1.0 1.0 1.0 1.0 1.0 nan nan 1.0
129 11552069091796.875 43 0.5 0.5 nan 0.25 0.0 nan 0.0 nan nan 0.7931034482758621
130 670723437500000.0 313 0.9333333333333333 1.0 0.9583333333333334 1.0 0.7142857142857143 0.42857142857142855 1.0 1.0 nan 0.9836956521739131
131 58787001953125.0 189 0.9 0.5714285714285714 0.5 0.35 0.38095238095238093 0.3333333333333333 0.3333333333333333 0.5 0.6 0.8805970149253731
132 221897539062500.0 91 1.0 0.75 0.5 0.6666666666666666 nan 0.0 nan nan nan 0.9701492537313433
133 2154257049560.5469 4 nan 1.0 0.0 1.0 nan 1.0 nan nan nan nan
134 168214199218750.0 80 0.7 1.0 0.8 0.5714285714285714 0.0 nan 1.0 nan nan 0.9130434782608695
135 23013388671875.0 74 0.875 1.0 0.6666666666666666 1.0 1.0 1.0 nan nan nan 0.9361702127659575
136 18104320068359.375 10 1.0 nan nan nan nan nan nan 1.0 nan 1.0
137 26268269042968.75 115 0.9090909090909091 0.6470588235294118 0.6 0.8333333333333334 nan 1.0 nan 1.0 nan 0.896551724137931
139 288106289062500.0 114 0.9090909090909091 1.0 1.0 1.0 nan 1.0 0.5 nan nan 0.9425287356321839
140 64768315429687.5 48 0.42857142857142855 0.6 1.0 1.0 nan nan nan nan nan 0.8620689655172413
141 20944460449218.75 85 0.8571428571428571 0.0 nan 0.0 0.5 0.0 nan nan nan 0.7142857142857143
142 8707108764648.4375 42 0.75 0.5 0.25 0.0 0.0 0.0 nan nan 0.0 0.8076923076923077
143 144795625000000.0 204 0.85 0.8461538461538461 0.5454545454545454 0.4 0.16666666666666666 0.7692307692307693 0.6666666666666666 1.0 nan 0.991869918699187
144 13502238769531.25 37 0.0 0.0 1.0 0.5 0.0 0.0 0.3333333333333333 nan nan 0.5909090909090909
145 579187734375000.0 94 1.0 1.0 1.0 0.0 1.0 0.2 0.0 1.0 0.5 0.9545454545454546
146 44527465820312.5 69 1.0 0.8333333333333334 0.5 1.0 1.0 1.0 nan nan nan 0.9545454545454546
147 705216093750000.0 141 1.0 0.875 0.875 0.8888888888888888 1.0 1.0 0.5 1.0 nan 0.98
148 77432871093750.0 229 0.9655172413793104 0.9722222222222222 0.9473684210526315 1.0 1.0 1.0 nan nan nan 0.9819819819819819
150 129410068359375.0 214 0.9473684210526315 0.9642857142857143 1.0 0.9090909090909091 1.0 1.0 1.0 nan nan 0.9850746268656716
151 57184877929687.5 44 1.0 0.6666666666666666 1.0 nan 1.0 nan nan nan nan 0.9090909090909091
152 345155234375000.0 806 0.9310344827586207 0.9137931034482759 0.8541666666666666 0.8695652173913043 0.7777777777777778 0.6666666666666666 0.6 0.7142857142857143 0.5714285714285714 0.9525773195876288
153 62621835937500.0 302 0.95 0.9361702127659575 0.9444444444444444 0.9130434782608695 1.0 0.5 1.0 0.5 0.0 0.9787234042553191
154 204437968750000.0 157 0.85 0.7857142857142857 0.7333333333333333 0.6666666666666666 1.0 1.0 nan nan nan 0.9494949494949495
155 2610054375000000.0 1445 1.0 1.0 1.0 1.0 1.0 1.0 1.0 1.0 nan 1.0
156 1340267333984.375 1 nan nan nan nan nan 0.0 nan nan nan nan
157 59980341796875.0 304 0.9361702127659575 0.8888888888888888 0.8888888888888888 0.7142857142857143 0.6896551724137931 0.25 0.5 0.5 0.0 0.9508196721311475
158 915777656250000.0 1423 0.9942528735632183 0.984 0.9859154929577465 0.9767441860465116 0.96 1.0 1.0 1.0 1.0 1.0
159 293173652343750.0 158 0.9375 1.0 0.8235294117647058 0.9 0.9047619047619048 0.8333333333333334 nan 1.0 nan 0.9090909090909091
160 16390898437500.0 74 0.6666666666666666 0.4 0.5 0.8571428571428571 1.0 1.0 nan nan 1.0 0.8979591836734694
161 259560273437500.0 432 1.0 1.0 1.0 0.8695652173913043 0.875 0.9285714285714286 0.8888888888888888 1.0 1.0 1.0
163 102865419921875.0 83 0.8888888888888888 0.75 1.0 0.5454545454545454 0.5555555555555556 0.4 nan nan nan 0.9473684210526315
164 80001430664062.5 32 0.75 1.0 0.0 nan nan nan nan nan nan 0.72
165 259992246093750.0 24 1.0 1.0 1.0 1.0 1.0 nan 1.0 1.0 1.0 1.0
166 122003955078125.0 133 0.9166666666666666 0.8888888888888888 1.0 0.5555555555555556 0.3333333333333333 0.5 1.0 1.0 nan 0.967032967032967
167 17846972656250.0 169 0.75 0.6666666666666666 0.35714285714285715 0.0 0.0 0.6 0.3333333333333333 0.3333333333333333 0.0 0.7872340425531915
168 1531343593750000.0 1574 0.947136563876652 0.8990825688073395 0.7846153846153846 0.7678571428571429 0.8166666666666667 0.43478260869565216 0.5806451612903226 1.0 1.0 0.9658246656760773
169 241739667968750.0 102 0.8 0.9375 1.0 nan 0.5 0.0 nan nan nan 0.9242424242424242
170 24493161621093.75 30 1.0 1.0 0.75 0.25 0.0 0.0 0.0 0.0 0.0 1.0
172 7908502807617.1875 20 1.0 0.8 0.0 0.0 nan nan 0.0 nan nan 0.9
173 3770215148925.7812 2 nan nan 0.0 nan nan 1.0 nan nan nan nan
174 1248402734375000.0 1318 0.959349593495935 0.8571428571428571 0.9051724137931034 0.7787610619469026 0.7941176470588235 0.9508196721311475 0.9333333333333333 1.0 1.0 0.9956076134699854
175 111280458984375.0 54 0.75 0.14285714285714285 0.6 0.0 nan 1.0 1.0 nan 0.0 0.7647058823529411
176 13099237060546.875 80 0.875 0.6666666666666666 0.25 0.7142857142857143 0.8 1.0 1.0 nan nan 0.8775510204081632
177 23288632812500.0 19 1.0 1.0 1.0 0.0 1.0 nan nan nan nan 1.0
178 4216526794433.5938 79 0.75 0.5 0.3333333333333333 0.0 nan nan 0.0 0.0 nan 0.5490196078431373
179 64722416992187.5 44 1.0 1.0 0.5 1.0 nan nan nan nan nan 0.9393939393939394
180 29786213378906.25 23 0.5 0.0 nan 0.0 0.5 0.3333333333333333 nan nan nan 0.7692307692307693
181 24723139648437.5 21 0.6666666666666666 0.5 0.5 0.0 nan 0.0 1.0 nan 0.0 0.8888888888888888
182 22677360839843.75 15 1.0 1.0 1.0 nan nan nan nan nan nan 0.8888888888888888
183 1214862890625000.0 609 0.9855072463768116 0.9722222222222222 1.0 1.0 1.0 1.0 1.0 1.0 nan 0.9977477477477478
184 6296179199218.75 21 1.0 0.0 0.0 0.0 0.0 0.0 0.0 nan 1.0 0.2
185 150069707031250.0 96 1.0 1.0 0.9 0.9230769230769231 0.9333333333333333 1.0 1.0 1.0 1.0 0.9615384615384616
186 1027461318969.7266 20 0.5 0.0 nan 0.0 nan nan nan nan nan 0.5333333333333333
187 588721640625000.0 412 1.0 1.0 1.0 1.0 1.0 1.0 1.0 nan 1.0 0.9968354430379747
188 55334897460937.5 53 0.5 0.7777777777777778 1.0 0.0 0.0 0.0 1.0 nan nan 0.9333333333333333
189 172118496093750.0 62 1.0 0.75 1.0 0.0 nan 0.0 nan 1.0 nan 0.98
190 79546972656250.0 46 1.0 1.0 1.0 nan nan 1.0 1.0 nan nan 0.96875
191 441835468750000.0 737 0.9468085106382979 0.9538461538461539 0.9375 0.9428571428571428 0.9629629629629629 1.0 1.0 1.0 1.0 1.0
192 93516054687500.0 59 1.0 0.625 0.6 0.6666666666666666 0.5 0.25 0.0 nan nan 0.9333333333333333
193 339748398437500.0 26 1.0 1.0 1.0 1.0 1.0 1.0 nan 1.0 1.0 1.0
194 20399720458984.375 46 0.3333333333333333 0.4 0.0 0.0 nan 0.0 nan nan nan 0.6666666666666666
195 113047597656250.0 122 0.8181818181818182 0.9 1.0 0.6 0.0 0.0 0.0 nan nan 0.9782608695652174
196 133823447265625.0 62 0.4 0.0 0.8333333333333334 0.6666666666666666 1.0 nan nan nan nan 0.9333333333333333
197 80373188476562.5 148 0.9583333333333334 0.9444444444444444 0.4 0.8333333333333334 1.0 1.0 nan nan 1.0 0.9777777777777777
198 123675156250000.0 123 0.8888888888888888 0.8666666666666667 0.8333333333333334 1.0 0.6666666666666666 0.6666666666666666 nan nan nan 0.9420289855072463
199 64204843750000.0 12 nan 0.0 0.0 0.0 0.0 nan nan nan nan 0.5
200 26040375976562.5 29 0.8 nan 0.5 0.5 1.0 1.0 nan nan nan 0.9444444444444444
201 149162597656250.0 83 0.9090909090909091 1.0 0.6666666666666666 1.0 1.0 nan 1.0 nan nan 0.9661016949152542
202 5930685424804.6875 26 0.75 1.0 nan 1.0 nan 1.0 0.5 1.0 1.0 1.0
203 614090937500000.0 304 0.925 0.9090909090909091 0.7333333333333333 0.9230769230769231 1.0 1.0 0.75 nan nan 0.9712643678160919
204 45824794921875.0 23 nan 1.0 1.0 1.0 nan nan nan nan nan 1.0
205 83167431640625.0 63 0.9090909090909091 0.6666666666666666 1.0 0.75 0.6666666666666666 0.0 0.0 nan nan 0.9259259259259259
207 281175976562500.0 295 0.7777777777777778 0.7037037037037037 0.7894736842105263 0.75 0.5384615384615384 0.8333333333333334 1.0 1.0 0.0 0.8974358974358975
208 158917392578125.0 51 0.8571428571428571 1.0 1.0 1.0 nan nan nan 1.0 1.0 1.0
209 230059804687500.0 417 0.8571428571428571 0.9183673469387755 0.8372093023255814 0.6666666666666666 0.6538461538461539 0.5416666666666666 0.45454545454545453 0.5555555555555556 1.0 0.9662921348314607
210 126651845703125.0 231 0.9459459459459459 0.7941176470588235 0.88 1.0 1.0 1.0 1.0 1.0 nan 0.9636363636363636
213 908961029052.7344 2 nan nan 0.0 nan nan nan 0.0 nan nan nan
214 148254521484375.0 22 nan 1.0 1.0 nan 0.0 nan nan nan nan 1.0
215 5686947631835.9375 2 nan nan nan 1.0 nan nan nan nan nan nan
216 676726406250000.0 120 1.0 0.8571428571428571 0.8888888888888888 0.6 1.0 1.0 0.5 1.0 0.0 0.9324324324324325
217 69154750976562.5 34 1.0 0.6666666666666666 0.6666666666666666 0.3333333333333333 0.6666666666666666 nan 0.0 nan nan 0.6875
218 1152964218750000.0 854 0.9540229885057471 1.0 0.9487179487179487 1.0 1.0 1.0 1.0 1.0 1.0 0.9951690821256038
220 99653632812500.0 113 0.9 0.6111111111111112 0.75 0.7272727272727273 0.8181818181818182 1.0 nan nan nan 0.9736842105263158
221 15884014892578.125 114 1.0 1.0 1.0 0.5 0.75 0.5 0.5 1.0 nan 0.9117647058823529
222 125175117187500.0 50 0.75 0.16666666666666666 0.5 0.0 0.0 0.0 0.0 nan 0.0 0.9230769230769231
223 141103916015625.0 128 0.8666666666666667 0.9230769230769231 0.7 0.8888888888888888 0.6 1.0 nan nan nan 0.9315068493150684
224 8669664306640.625 33 0.5 0.0 0.0 0.0 0.0 nan nan nan nan 0.84
225 84824101562500.0 105 0.9166666666666666 1.0 1.0 1.0 1.0 nan nan 0.0 nan 0.9871794871794872
226 81825429687500.0 44 1.0 0.6 nan 0.6666666666666666 1.0 nan 1.0 nan nan 0.8709677419354839
227 444316328125000.0 93 0.9230769230769231 1.0 0.5714285714285714 1.0 1.0 nan nan nan nan 1.0
228 17601383056640.625 223 0.8387096774193549 0.6428571428571429 0.5416666666666666 0.9 1.0 nan 1.0 0.5 nan 0.8985507246376812
229 5386193847656.25 4 0.0 nan nan 0.5 nan nan nan nan nan 1.0
230 167103300781250.0 102 0.9166666666666666 0.8333333333333334 1.0 1.0 1.0 1.0 nan nan nan 1.0
231 69927597656250.0 94 1.0 0.8823529411764706 0.6153846153846154 0.7777777777777778 0.8333333333333334 0.75 0.0 nan nan 0.8823529411764706
232 8138446044921.875 23 0.5 1.0 1.0 0.0 nan 1.0 nan nan nan 1.0
233 107884169921875.0 57 1.0 0.75 0.3333333333333333 0.0 nan 1.0 nan nan 1.0 0.8918918918918919
236 17715933837890.625 25 1.0 0.5 0.25 0.0 nan 0.0 0.0 nan nan 0.2857142857142857
237 321274628906250.0 321 0.8974358974358975 0.9615384615384616 0.9090909090909091 0.8333333333333334 1.0 1.0 nan nan 0.0 0.9826086956521739
238 18370064697265.625 47 1.0 1.0 0.8888888888888888 1.0 1.0 nan nan nan nan 0.9523809523809523
239 495732578125000.0 417 0.9534883720930233 0.8723404255319149 0.9230769230769231 0.7941176470588235 0.7222222222222222 0.9 1.0 1.0 nan 0.9744680851063829
240 28573017578125.0 86 0.7857142857142857 0.3333333333333333 0.0 0.0 0.0 0.3333333333333333 0.0 nan nan 0.8235294117647058
242 48437426757812.5 30 1.0 nan 0.0 1.0 1.0 nan nan nan nan 0.9523809523809523
243 131423066406250.0 197 0.96 0.9545454545454546 0.8571428571428571 0.75 1.0 nan 1.0 nan nan 0.9851851851851852
244 43835698242187.5 100 1.0 0.8333333333333334 0.5 0.2857142857142857 0.0 0.0 0.0 1.0 nan 0.925
245 1356138125000000.0 904 0.9761904761904762 0.9743589743589743 1.0 1.0 1.0 1.0 1.0 1.0 1.0 0.9923430321592649
246 391387890625000.0 240 1.0 0.9642857142857143 1.0 1.0 1.0 1.0 nan nan 1.0 0.9754601226993865
247 45958481445312.5 19 0.25 0.5 nan nan nan nan nan 0.0 nan 0.75
248 10093764648437.5 6 0.0 nan nan 0.0 nan nan nan nan nan 0.75
249 168325878906250.0 41 1.0 0.6 1.0 nan nan nan 0.0 nan nan 0.967741935483871
250 618826914062500.0 676 0.9879518072289156 0.9803921568627451 1.0 0.9166666666666666 1.0 0.8571428571428571 1.0 0.75 1.0 1.0
252 48552382812500.0 21 1.0 0.0 0.6666666666666666 nan 0.0 nan nan nan nan 0.8571428571428571
253 58304218750000.0 54 0.8 0.8571428571428571 1.0 0.42857142857142855 0.5 1.0 1.0 0.0 nan 0.9655172413793104
254 1662122187500000.0 629 0.896551724137931 0.9591836734693877 0.7222222222222222 0.8461538461538461 0.6666666666666666 0.42857142857142855 0.75 nan nan 0.9893162393162394
255 201586386718750.0 249 1.0 1.0 1.0 0.8333333333333334 1.0 1.0 1.0 nan nan 0.9787234042553191
312 106069970703125.0 59 1.0 1.0 1.0 1.0 nan nan 0.0 nan nan 0.972972972972973
330 73553017578125.0 108 0.9090909090909091 0.7272727272727273 0.75 1.0 1.0 0.0 0.6666666666666666 nan 0.5 0.971830985915493
351 5689197387695.3125 9 1.0 1.0 nan 0.0 nan 0.0 nan nan 0.0 1.0
352 25200454101562.5 24 1.0 0.5 0.5 nan nan nan nan 0.0 nan 1.0
353 10961105957031.25 20 0.3333333333333333 0.0 0.0 0.0 0.25 nan 0.0 nan nan 0.5555555555555556
354 32711145019531.25 131 0.8571428571428571 0.8 nan 0.0 0.5 nan 0.0 0.0 0.0 0.7850467289719626
355 11205203857421.875 22 nan 1.0 1.0 nan 0.5 nan 1.0 nan nan 1.0
356 7289202880859.375 34 1.0 0.0 0.2 0.3333333333333333 0.75 1.0 1.0 1.0 nan 0.9166666666666666
357 8742772827148.4375 22 1.0 0.0 0.0 0.0 nan 0.0 0.0 nan nan 1.0
358 24521391601562.5 19 1.0 0.5 0.0 0.0 0.0 0.0 0.0 nan 0.0 0.6
359 160040205078125.0 332 0.8064516129032258 0.8461538461538461 0.85 0.9047619047619048 0.8275862068965517 0.9705882352941176 1.0 nan 0.0 0.9693251533742331
360 24749121093750.0 11 0.0 nan nan 0.0 nan nan nan nan nan 0.7777777777777778
361 33764865722656.25 14 0.0 nan 0.0 nan 0.0 0.0 nan nan nan 1.0
362 17215562744140.625 49 1.0 1.0 0.2 0.46153846153846156 1.0 1.0 1.0 nan nan 0.7058823529411765
363 24295085449218.75 13 0.5 0.0 nan 0.0 nan nan nan nan nan 1.0
364 29381979980468.75 53 0.5 0.2 0.25 0.0 0.0 0.6666666666666666 nan nan nan 0.7142857142857143
365 20011450195312.5 12 1.0 0.0 nan nan 0.5 nan nan nan 1.0 0.6
366 88326875000000.0 146 0.8636363636363636 0.7391304347826086 0.75 0.5454545454545454 0.3333333333333333 0.16666666666666666 0.16666666666666666 1.0 0.0 0.9074074074074074
367 22769833984375.0 38 0.8571428571428571 1.0 1.0 0.0 nan nan nan nan nan 0.8888888888888888
368 25604455566406.25 16 nan 1.0 1.0 1.0 1.0 1.0 nan nan 1.0 1.0
369 29957741699218.75 15 0.8 0.0 1.0 1.0 nan nan nan nan 0.0 0.25
370 244462128906250.0 98 1.0 1.0 1.0 1.0 nan 1.0 nan nan nan 1.0
371 30085646972656.25 19 1.0 nan nan nan nan 1.0 nan nan nan 1.0
372 10353853759765.625 6 1.0 nan 1.0 nan 1.0 1.0 nan nan nan 0.5
373 9815801391601.562 59 0.8 0.0 0.2857142857142857 0.0 0.0 nan 0.5 nan nan 0.8275862068965517
374 255758750000000.0 166 0.9666666666666667 1.0 1.0 1.0 1.0 nan 1.0 0.0 nan 0.9764705882352941
375 24745581054687.5 28 0.6 0.0 nan nan 0.0 nan 1.0 nan nan 1.0
376 7288394165039.0625 22 1.0 0.8333333333333334 1.0 1.0 1.0 nan nan nan 1.0 0.625
377 16065122070312.5 23 0.0 0.0 0.0 0.0 nan 1.0 nan 0.0 nan 0.6363636363636364
378 14516639404296.875 57 0.2 0.5 1.0 0.0 0.0 nan 0.0 nan 0.0 0.42857142857142855
379 21018552246093.75 11 nan 0.0 nan nan nan nan nan nan 0.0 1.0
380 12172978515625.0 30 1.0 1.0 1.0 0.3333333333333333 nan nan 1.0 nan nan 1.0
381 28134724121093.75 27 0.5 0.25 nan 1.0 1.0 nan 1.0 0.0 nan 0.9230769230769231
382 245363710937500.0 209 1.0 1.0 1.0 1.0 1.0 1.0 1.0 nan nan 1.0
383 22248649902343.75 10 0.0 0.0 0.0 nan nan 1.0 nan 1.0 nan 0.8
384 7131677246093.75 4 0.0 nan nan 0.0 nan nan nan 0.0 nan nan
385 599517265625000.0 332 0.7567567567567568 0.7666666666666667 0.7083333333333334 0.8666666666666667 0.6956521739130435 1.0 1.0 0.75 nan 0.9329896907216495
386 1461231079101.5625 1 nan 1.0 nan nan nan nan nan nan nan nan
387 1504110781250000.0 1828 0.9673469387755103 0.9623655913978495 0.9606741573033708 0.9378531073446328 0.9072164948453608 0.8695652173913043 0.8157894736842105 0.8571428571428571 0.8 0.9951040391676866
388 13110510253906.25 34 1.0 1.0 1.0 0.5 1.0 1.0 1.0 nan nan 1.0
389 87019873046875.0 47 0.8888888888888888 0.75 0.6666666666666666 0.6 0.8 1.0 nan 0.0 nan 0.8888888888888888
390 9985094604492.188 5 0.0 nan 0.0 nan nan nan nan nan 0.0 0.0
391 4331434631347.6562 17 1.0 1.0 0.0 0.5 nan nan nan 0.0 1.0 0.42857142857142855
392 30590549316406.25 48 1.0 0.5 0.5714285714285714 1.0 1.0 0.0 0.0 nan nan 0.8571428571428571
393 3040118713378.9062 7 nan 0.0 nan nan nan nan 0.0 nan nan 0.25
394 60058647460937.5 14 0.0 nan 0.0 nan nan nan nan 0.0 nan 0.8
395 26514943847656.25 8 0.25 nan 0.0 0.0 nan nan nan 0.0 nan 0.0
396 24113334960937.5 39 1.0 0.6666666666666666 0.875 1.0 nan 0.0 nan 0.0 nan 0.8333333333333334
397 4905227050781.25 5 nan nan nan 0.5 0.0 nan nan nan nan 0.5
398 44252866210937.5 78 1.0 0.8888888888888888 1.0 1.0 1.0 1.0 1.0 nan nan 1.0
399 26055285644531.25 70 0.7142857142857143 0.625 0.3333333333333333 nan 0.0 nan 1.0 0.0 nan 0.7916666666666666
400 21005659179687.5 25 0.5 0.6666666666666666 nan 0.0 1.0 nan nan nan 0.0 1.0
402 10248748779296.875 21 0.0 nan 0.0 nan nan nan 0.0 nan nan 0.47058823529411764
403 16305258789062.5 50 0.5 0.42857142857142855 0.5 0.375 0.16666666666666666 0.3333333333333333 0.0 0.5 1.0 0.75
404 31052841796875.0 50 0.625 0.0 0.0 0.0 0.0 0.5 nan nan nan 0.6
405 20648911132812.5 100 0.7894736842105263 0.5 0.8 0.8333333333333334 1.0 nan nan nan nan 0.8620689655172413
406 17808074951171.875 32 0.7142857142857143 0.3333333333333333 nan nan 1.0 nan nan nan nan 0.9
407 9891765747070.312 60 0.8666666666666667 0.7142857142857143 1.0 1.0 nan nan nan nan nan 0.8666666666666667
408 119439902343750.0 58 1.0 0.5 0.5 0.6 0.6666666666666666 0.0 nan nan nan 0.8235294117647058
409 1935828094482.4219 4 0.0 nan nan nan 0.0 nan nan nan nan 1.0
410 34931154785156.25 15 1.0 nan 0.0 nan 0.0 0.0 nan nan nan 0.8181818181818182
411 61501132812500.0 31 nan 1.0 0.6666666666666666 0.5 0.3333333333333333 0.3333333333333333 nan 0.0 nan 1.0
412 1461858281250000.0 584 0.9552238805970149 0.8428571428571429 0.9024390243902439 0.8974358974358975 1.0 0.8181818181818182 0.5714285714285714 1.0 nan 0.9722222222222222
413 276639648437500.0 119 0.9333333333333333 0.875 1.0 1.0 1.0 1.0 1.0 nan nan 0.9868421052631579
414 27957199707031.25 50 1.0 1.0 0.4 0.4 0.16666666666666666 0.125 0.0 0.0 1.0 0.8571428571428571
415 291053789062500.0 705 0.9302325581395349 0.963855421686747 0.8676470588235294 0.8194444444444444 0.7692307692307693 0.6363636363636364 0.7894736842105263 0.5 1.0 0.9556313993174061
416 357379531250000.0 30 1.0 1.0 1.0 1.0 1.0 1.0 nan 1.0 nan 0.9166666666666666
417 64469848632812.5 69 1.0 1.0 1.0 1.0 1.0 1.0 1.0 1.0 1.0 1.0
418 153365009765625.0 100 1.0 0.8888888888888888 0.9333333333333333 0.6 1.0 1.0 1.0 1.0 1.0 1.0
419 5613694458007.8125 7 nan 0.3333333333333333 nan nan nan nan nan nan nan 0.75
420 94576083984375.0 61 1.0 1.0 1.0 1.0 1.0 1.0 nan nan nan 0.95
421 2807923889160.1562 12 1.0 0.0 0.0 nan nan 1.0 nan nan nan 0.8
422 66494482421875.0 33 0.6 0.75 0.0 0.0 0.0 nan 1.0 nan nan 0.7647058823529411
423 67479033203125.0 70 0.8888888888888888 1.0 1.0 1.0 1.0 nan nan 0.0 nan 0.9803921568627451
424 30530986328125.0 74 0.8181818181818182 0.8888888888888888 0.8571428571428571 0.6666666666666666 1.0 1.0 nan nan nan 0.8947368421052632
425 1749382187500000.0 904 0.9560439560439561 0.9393939393939394 0.8902439024390244 0.8846153846153846 0.9487179487179487 0.8076923076923077 0.875 0.5714285714285714 0.3333333333333333 0.9919517102615694
426 42212622070312.5 19 0.6666666666666666 1.0 1.0 nan 1.0 0.5 nan nan nan 1.0
427 1615031562500000.0 342 1.0 1.0 0.9743589743589743 1.0 1.0 1.0 1.0 1.0 1.0 1.0
428 210907441406250.0 308 0.9428571428571428 0.9666666666666667 0.8571428571428571 0.9 1.0 0.75 nan nan 1.0 0.9951923076923077
429 135955341796875.0 73 0.9090909090909091 1.0 1.0 0.75 1.0 nan nan nan 1.0 1.0
430 20957548828125.0 27 1.0 0.5 0.3333333333333333 nan nan 1.0 nan 0.0 nan 0.9411764705882353
431 4869086608886.719 23 1.0 0.5 1.0 0.0 0.0 1.0 nan nan nan 0.9285714285714286
432 34709401855468.75 52 1.0 0.8 0.75 0.75 1.0 0.0 0.0 nan nan 0.9130434782608695
434 36719355468750.0 21 1.0 1.0 0.0 1.0 0.5 nan nan nan 0.0 0.6666666666666666
435 19368953857421.875 32 0.5 1.0 0.3333333333333333 0.0 nan 1.0 nan nan nan 0.9
436 88274570312500.0 19 1.0 1.0 nan 1.0 0.0 0.0 1.0 nan nan 1.0
437 88862568359375.0 70 0.7777777777777778 0.5 0.8 0.5 0.0 1.0 nan 1.0 nan 0.8695652173913043
438 5878142700195.3125 9 1.0 1.0 nan 1.0 nan nan nan nan 0.0 1.0
439 30127668457031.25 9 1.0 0.0 nan nan nan 1.0 nan nan nan 0.6666666666666666
440 53078945312500.0 19 1.0 1.0 nan nan nan nan nan nan nan 0.9230769230769231
441 86079101562500.0 154 1.0 0.8421052631578947 1.0 0.8 nan 1.0 0.0 nan nan 0.989247311827957
442 37262270507812.5 10 nan 0.0 1.0 nan nan 0.0 nan nan nan 1.0
443 3436906433105.4688 2 nan nan nan nan nan nan nan nan 1.0 1.0
444 56603120117187.5 74 0.7272727272727273 0.75 1.0 0.5 nan nan 1.0 nan nan 0.9423076923076923
445 118605468750000.0 294 0.9629629629629629 0.8048780487804879 0.6176470588235294 0.6521739130434783 0.8947368421052632 1.0 nan 1.0 nan 0.9647887323943662
447 6282348632812.5 41 0.75 0.5 0.5 1.0 1.0 1.0 1.0 nan nan 0.9310344827586207
448 20031572265625.0 235 0.85 0.75 0.5714285714285714 0.8 0.6 0.0 0.0 nan 0.0 0.8956043956043956
449 227122910156250.0 723 0.9487179487179487 0.9090909090909091 0.7066666666666667 0.8125 0.6744186046511628 0.6923076923076923 0.3333333333333333 0.0 0.2 0.9880239520958084
450 22683115234375.0 5 nan nan 1.0 nan 0.0 nan nan nan nan 0.0
451 10972076416015.625 21 nan 0.0 0.3333333333333333 nan 1.0 0.0 nan nan nan 0.6428571428571429
452 217804003906250.0 47 0.75 1.0 1.0 0.6666666666666666 0.8 1.0 nan 1.0 nan 0.9444444444444444
454 41885605468750.0 70 0.8333333333333334 1.0 0.6666666666666666 0.25 0.0 0.25 nan 1.0 nan 0.8444444444444444
455 44619155273437.5 17 0.0 0.0 0.0 0.5 nan 0.0 nan nan nan 0.8
456 253139218750000.0 39 1.0 1.0 1.0 1.0 1.0 1.0 1.0 nan 1.0 1.0
457 53412578125000.0 51 1.0 0.75 0.7142857142857143 0.5 0.4 0.0 nan nan 1.0 0.8333333333333334
458 21499104003906.25 49 1.0 0.6666666666666666 0.8 1.0 1.0 0.6666666666666666 1.0 0.6666666666666666 nan 0.875
459 34624094238281.25 34 0.6666666666666666 1.0 0.6666666666666666 1.0 0.5 nan 0.0 nan 0.0 0.8333333333333334
460 46060341796875.0 24 0.5 1.0 0.0 0.3333333333333333 0.0 0.0 0.0 nan nan 1.0
461 13260872802734.375 21 nan 1.0 nan 0.0 nan 0.0 nan nan nan 0.8125
462 130184355468750.0 39 0.42857142857142855 1.0 0.6666666666666666 1.0 0.0 0.25 nan 0.0 nan 0.9
463 10759650878906.25 8 0.0 1.0 nan 1.0 0.0 nan 0.0 nan nan 1.0
464 1543748750000000.0 1238 0.9637681159420289 0.9620253164556962 0.9245283018867925 0.9 0.9545454545454546 1.0 0.8 1.0 nan 0.9866962305986696
465 60841918945312.5 57 1.0 1.0 1.0 1.0 nan 0.5 nan nan nan 1.0
466 3524932250976.5625 12 0.6666666666666666 nan 1.0 1.0 nan nan nan nan 1.0 1.0
467 6384449462890.625 2 nan nan nan nan 0.0 nan nan nan nan nan
468 30885354003906.25 3 nan nan nan nan nan nan nan nan nan 0.0
469 17154525146484.375 17 0.0 1.0 0.3333333333333333 0.0 nan 1.0 1.0 0.0 1.0 0.7142857142857143
470 44199028320312.5 66 1.0 1.0 1.0 0.6666666666666666 0.3333333333333333 0.6 0.6666666666666666 0.0 0.0 0.9642857142857143
471 10405080566406.25 35 0.6666666666666666 1.0 0.4 1.0 0.0 nan nan nan nan 0.9090909090909091
472 36797563476562.5 28 1.0 1.0 nan 1.0 nan 1.0 nan nan nan 0.9130434782608695
473 11654105224609.375 7 0.0 0.0 nan nan nan 0.0 nan nan nan 0.0
474 23892861328125.0 11 0.6666666666666666 1.0 1.0 nan nan 0.0 nan nan nan 1.0
475 643428593750000.0 596 0.9125 1.0 1.0 0.9 0.8571428571428571 0.8 1.0 1.0 nan 0.9641943734015346
476 7966046142578.125 2 nan nan nan 0.0 nan nan nan nan nan 0.0
477 14128135986328.125 32 1.0 0.0 0.25 0.0 0.0 0.0 0.0 0.0 1.0 0.6666666666666666
478 21235087890625.0 27 0.5 0.5 0.0 0.3333333333333333 nan nan nan nan 0.0 1.0
479 347714726562500.0 975 0.9504132231404959 0.8956521739130435 0.95 0.9019607843137255 0.8648648648648649 1.0 1.0 0.4 0.0 0.9783001808318263
480 26045883789062.5 22 1.0 1.0 1.0 1.0 1.0 nan nan nan nan 0.9090909090909091
481 137983847656250.0 29 0.5 0.0 0.5 0.3333333333333333 0.0 nan 0.0 nan nan 0.4666666666666667
482 718827734375000.0 446 0.8382352941176471 0.9019607843137255 0.7380952380952381 0.7241379310344828 0.42105263157894735 0.45454545454545453 0.5 0.25 0.0 0.9439252336448598
483 21636350097656.25 2 nan nan 1.0 nan nan nan nan nan nan 1.0
484 27662839355468.75 5 nan nan nan nan nan nan nan nan nan 1.0
485 308482128906250.0 886 0.9611650485436893 0.9545454545454546 0.9696969696969697 0.9230769230769231 0.8918918918918919 0.9333333333333333 0.9090909090909091 1.0 0.0 0.982791586998088
486 2624809062500000.0 771 1.0 0.9552238805970149 0.9666666666666667 0.9230769230769231 0.7272727272727273 0.5555555555555556 1.0 0.5 1.0 0.9836660617059891
487 374684960937500.0 149 0.6666666666666666 0.8181818181818182 1.0 0.7 0.5555555555555556 1.0 nan 0.0 nan 0.9347826086956522
488 12877701416015.625 16 0.3333333333333333 0.0 nan 0.0 nan 1.0 nan nan 1.0 0.8888888888888888
489 27129645996093.75 20 nan 1.0 nan 0.5 1.0 0.0 nan nan nan 1.0
490 49847119140625.0 67 0.75 0.5 0.4 0.16666666666666666 0.0 0.8181818181818182 1.0 nan nan 0.8928571428571429
491 21821843261718.75 17 0.0 0.75 nan nan 0.0 nan nan nan nan 0.8181818181818182
492 19659552001953.125 47 0.0 0.0 0.3333333333333333 0.0 0.0 0.5 1.0 nan nan 0.6
493 23131791992187.5 13 1.0 1.0 1.0 0.0 nan nan 1.0 nan nan 0.8333333333333334
494 16400635986328.125 10 0.6666666666666666 nan 1.0 1.0 nan nan nan nan nan 1.0
495 86191328125000.0 70 0.8888888888888888 0.8333333333333334 0.42857142857142855 0.3333333333333333 0.3333333333333333 1.0 0.0 0.0 nan 0.7777777777777778
496 6612980346679.6875 10 0.5 0.0 nan nan 1.0 nan nan 0.0 nan 0.4
497 39670249023437.5 28 0.8 0.5555555555555556 nan nan 0.0 1.0 1.0 nan nan 0.9
498 153485283203125.0 187 0.9375 0.9333333333333333 0.9 0.9 0.6666666666666666 0.7142857142857143 nan nan 0.0 0.9917355371900827
499 9355907592773.438 8 0.0 nan nan nan nan nan nan nan nan 0.42857142857142855
500 10084321289062.5 5 0.0 nan 1.0 1.0 nan nan nan nan nan 0.5
501 17770979003906.25 17 nan 1.0 0.6666666666666666 0.5 nan 1.0 nan nan nan 0.9
502 84965605468750.0 73 1.0 1.0 1.0 1.0 nan 1.0 nan nan nan 0.9642857142857143
503 22097978515625.0 12 1.0 1.0 nan nan nan nan 0.0 nan nan 0.8888888888888888
504 29347480468750.0 33 1.0 1.0 1.0 1.0 1.0 nan nan nan 0.0 1.0
505 21799758300781.25 9 0.3333333333333333 0.0 1.0 nan 1.0 nan 0.0 nan nan 0.5
506 8613192749023.4375 5 1.0 0.0 nan nan nan 1.0 nan nan nan 1.0
507 12384837646484.375 17 0.3333333333333333 0.3333333333333333 0.0 0.0 0.0 nan 0.0 nan nan 0.8333333333333334
508 13751212158203.125 12 nan 0.0 1.0 0.0 0.0 nan nan nan 0.0 0.8
509 65785874023437.5 48 1.0 1.0 1.0 1.0 nan nan nan 0.0 nan 0.8666666666666667
510 199658613281250.0 97 1.0 1.0 1.0 1.0 1.0 nan nan nan nan 1.0
511 5151566772460.9375 1 nan nan nan nan nan nan nan nan nan 0.0
