0 103993447265625.0 109 1.0 0.8666666666666667 0.7777777777777778 0.8333333333333334 0.0 
1 18499222412109.375 23 0.8888888888888888 0.8571428571428571 0.0 1.0 0.0 
2 756052578125000.0 344 1.0 1.0 1.0 1.0 1.0 
3 20616391601562.5 85 0.2727272727272727 0.4 0.36363636363636365 0.0 0.25 
4 67820849609375.0 64 0.8947368421052632 0.75 0.26666666666666666 0.4 0.25 
5 18050224609375.0 11 0.6 1.0 0.3333333333333333 nan nan 
6 175182011718750.0 277 0.9710144927536232 0.9642857142857143 0.8431372549019608 0.5172413793103449 0.4722222222222222 
7 31474702148437.5 86 0.96875 0.7419354838709677 0.8333333333333334 0.4 0.5 
8 12380202636718.75 11 1.0 1.0 1.0 nan nan 
9 88636582031250.0 98 0.96 0.9629629629629629 0.8260869565217391 0.5882352941176471 1.0 
10 27617988281250.0 19 0.8 0.3333333333333333 0.0 0.5 nan 
11 154123710937500.0 230 0.9612403100775194 0.9285714285714286 0.9642857142857143 1.0 0.6666666666666666 
12 8208830566406.25 120 0.9444444444444444 0.9111111111111111 0.9 0.7142857142857143 0.6666666666666666 
13 103804384765625.0 133 0.9111111111111111 0.6428571428571429 0.6071428571428571 0.52 0.0 
15 249844960937500.0 152 1.0 0.8181818181818182 0.6521739130434783 0.5625 0.625 
16 142601855468750.0 137 0.975 1.0 0.9459459459459459 0.9523809523809523 1.0 
17 10733402099609.375 22 1.0 1.0 0.14285714285714285 0.0 0.0 
18 146568505859375.0 88 1.0 1.0 1.0 0.7692307692307693 1.0 
19 19399882812500.0 21 0.5 0.0 0.3333333333333333 0.0 nan 
20 89449687500000.0 79 1.0 0.9473684210526315 1.0 0.8571428571428571 1.0 
21 46399804687500.0 32 1.0 0.8333333333333334 1.0 1.0 nan 
22 216435703125000.0 47 1.0 1.0 1.0 0.6666666666666666 nan 
23 37979436035156.25 49 0.9230769230769231 1.0 1.0 0.875 0.0 
24 18667209472656.25 33 1.0 1.0 0.75 0.0 nan 
25 114883544921875.0 329 0.9895833333333334 0.9574468085106383 0.96 1.0 1.0 
26 75395571289062.5 17 0.8888888888888888 1.0 nan 0.0 nan 
27 277038339843750.0 1062 0.9746835443037974 0.98 0.9360730593607306 0.9827586206896551 0.8888888888888888 
28 10447738037109.375 44 0.8 0.5454545454545454 0.3333333333333333 0.0 0.0 
29 71992192382812.5 54 0.9411764705882353 0.6842105263157895 0.4 0.4 0.0 
30 34524260253906.25 93 0.9642857142857143 0.9090909090909091 0.9 0.5789473684210527 1.0 
31 181805859375000.0 94 1.0 0.9285714285714286 0.9230769230769231 1.0 0.0 
32 80601904296875.0 39 0.5 0.6 0.4 0.8 0.5 
33 157384726562500.0 18 1.0 1.0 1.0 0.7142857142857143 1.0 
34 178154375000000.0 140 0.9852941176470589 0.9761904761904762 1.0 1.0 1.0 
35 33426843261718.75 33 0.9523809523809523 1.0 0.6666666666666666 0.0 0.0 
36 92029521484375.0 256 0.993103448275862 0.9166666666666666 0.8461538461538461 0.8 0.2857142857142857 
37 311139472656250.0 17 1.0 1.0 1.0 1.0 1.0 
38 263994765625000.0 170 1.0 0.9523809523809523 0.967741935483871 1.0 1.0 
39 37843220214843.75 98 0.95 0.95 0.75 0.47058823529411764 0.7692307692307693 
41 109815712890625.0 55 0.6470588235294118 0.6 0.6666666666666666 0.3333333333333333 0.5 
42 43269794921875.0 15 1.0 1.0 0.5 0.3333333333333333 1.0 
43 246961230468750.0 416 1.0 0.9912280701754386 0.9142857142857143 0.8333333333333334 0.6 
45 63544052734375.0 73 1.0 1.0 0.9090909090909091 0.5 0.0 
46 28421589355468.75 14 0.75 0.6666666666666666 1.0 nan 0.5 
47 146414580078125.0 120 0.9827586206896551 0.9354838709677419 0.9090909090909091 0.8571428571428571 1.0 
48 57833295898437.5 64 1.0 0.9230769230769231 0.8333333333333334 0.16666666666666666 0.875 
49 15440462646484.375 19 1.0 0.8571428571428571 0.5 1.0 nan 
50 232353632812500.0 143 1.0 0.975609756097561 0.7368421052631579 0.5555555555555556 0.2 
51 7324923706054.6875 67 0.7333333333333333 0.35714285714285715 0.3333333333333333 0.1111111111111111 0.0 
52 81220625000000.0 123 0.9534883720930233 0.96875 1.0 0.8888888888888888 0.5714285714285714 
54 185990449218750.0 175 1.0 1.0 0.9696969696969697 0.8846153846153846 0.6 
55 23766899414062.5 7 0.75 nan 1.0 0.0 nan 
56 13553682861328.125 15 0.8 0.6666666666666666 1.0 nan nan 
57 91579785156250.0 51 1.0 1.0 0.8181818181818182 1.0 0.5 
58 28395358886718.75 45 0.8333333333333334 0.8181818181818182 0.6666666666666666 0.9166666666666666 1.0 
59 169974042968750.0 263 0.9538461538461539 0.9076923076923077 0.9565217391304348 0.8823529411764706 0.0 
60 8901409912109.375 88 0.84 0.8888888888888888 0.5 0.0 1.0 
61 130180029296875.0 93 0.925 0.8076923076923077 0.7142857142857143 0.9090909090909091 1.0 
63 268857246093750.0 700 0.989247311827957 0.981042654028436 0.9466019417475728 0.975609756097561 1.0 
64 55724018554687.5 37 1.0 0.8333333333333334 0.7142857142857143 0.5 0.0 
65 11036832275390.625 33 1.0 0.6666666666666666 0.7142857142857143 1.0 0.5 
66 118542343750000.0 93 0.88 0.6571428571428571 0.1875 0.15384615384615385 0.0 
67 14651885986328.125 185 0.9734513274336283 0.8983050847457628 0.9166666666666666 nan 0.0 
68 547928750000000.0 637 1.0 1.0 1.0 1.0 1.0 
69 76667744140625.0 48 0.95 0.6923076923076923 0.9090909090909091 0.0 1.0 
70 209303125000000.0 104 1.0 1.0 1.0 1.0 1.0 
71 37429362792968.75 49 1.0 0.875 0.75 0.6666666666666666 0.0 
72 20339136962890.625 21 0.8333333333333334 1.0 0.3333333333333333 0.5 1.0 
73 132014150390625.0 111 0.96 0.8823529411764706 0.6153846153846154 0.45454545454545453 0.0 
74 149374619140625.0 158 0.9655172413793104 0.9259259259259259 0.9629629629629629 0.75 1.0 
75 301412812500000.0 285 0.717741935483871 0.8266666666666667 0.675 0.5 0.3333333333333333 
76 7899136352539.0625 22 0.5 0.0 0.3333333333333333 0.25 0.0 
77 86973027343750.0 68 0.896551724137931 0.9166666666666666 0.5 0.3333333333333333 nan 
78 32625427246093.75 11 0.75 1.0 0.0 nan 1.0 
79 210135117187500.0 216 0.963302752293578 0.9545454545454546 0.8387096774193549 1.0 1.0 
80 105529140625000.0 25 0.9411764705882353 1.0 nan 1.0 1.0 
82 255278398437500.0 110 0.8648648648648649 0.7027027027027027 0.8421052631578947 0.3 0.0 
83 87623486328125.0 295 1.0 1.0 0.9298245614035088 0.9642857142857143 1.0 
85 16184313964843.75 8 1.0 0.5 0.5 nan nan 
86 163877265625000.0 184 0.9791666666666666 1.0 0.9 0.7777777777777778 0.8333333333333334 
87 22463662109375.0 23 1.0 1.0 1.0 1.0 nan 
88 13141962890625.0 28 1.0 1.0 0.625 0.7142857142857143 0.75 
89 67522412109375.0 56 0.9666666666666667 1.0 1.0 1.0 1.0 
90 31128559570312.5 38 0.9523809523809523 0.7777777777777778 0.75 0.0 0.0 
91 130331904296875.0 119 0.86 0.8620689655172413 0.8823529411764706 0.5 0.0 
92 13937562255859.375 93 1.0 1.0 1.0 0.6666666666666666 1.0 
93 105826357421875.0 95 0.9302325581395349 1.0 1.0 1.0 0.0 
94 41648442382812.5 21 1.0 1.0 0.6666666666666666 nan 0.0 
95 245395449218750.0 187 0.9591836734693877 0.9523809523809523 0.9130434782608695 0.9285714285714286 1.0 
96 88000888671875.0 131 1.0 1.0 1.0 1.0 1.0 
97 28688374023437.5 26 1.0 0.5 0.3333333333333333 0.0 0.0 
98 222814824218750.0 98 0.9565217391304348 0.8571428571428571 0.7647058823529411 0.6666666666666666 1.0 
99 36483415527343.75 72 0.8275862068965517 0.8947368421052632 0.6666666666666666 0.5 0.0 
100 50164140625000.0 176 0.9736842105263158 0.8529411764705882 0.75 0.8571428571428571 nan 
101 9414797363281.25 8 1.0 0.5 nan nan 0.0 
102 140890302734375.0 50 0.9565217391304348 0.8 0.7 1.0 0.0 
103 20184025878906.25 46 0.8636363636363636 1.0 0.5 0.0 0.0 
104 25334594726562.5 13 0.25 1.0 1.0 nan 1.0 
105 85809736328125.0 155 1.0 0.9767441860465116 0.92 0.9 1.0 
106 38820195312500.0 25 1.0 1.0 0.6 0.0 nan 
107 197409218750000.0 269 0.8513513513513513 0.8461538461538461 0.7894736842105263 0.6363636363636364 0.6 
108 25652470703125.0 140 0.7910447761194029 0.7714285714285715 0.631578947368421 0.18181818181818182 0.0 
109 119418310546875.0 76 0.9736842105263158 0.9545454545454546 1.0 0.5 0.0 
110 85468945312500.0 112 1.0 1.0 1.0 1.0 1.0 
111 298153281250000.0 186 0.96875 0.7916666666666666 0.6842105263157895 0.6153846153846154 0.5555555555555556 
112 70702524414062.5 90 0.972972972972973 0.92 0.9285714285714286 0.5555555555555556 1.0 
113 11632553710937.5 4 nan 0.0 1.0 1.0 1.0 
114 187134531250000.0 189 1.0 0.9615384615384616 0.8888888888888888 0.8235294117647058 0.2 
115 20010897216796.875 101 0.8571428571428571 0.8421052631578947 0.8 0.3333333333333333 nan 
117 63712641601562.5 28 1.0 1.0 1.0 1.0 1.0 
118 273915273437500.0 200 1.0 0.9838709677419355 0.8333333333333334 0.8125 0.7142857142857143 
119 51415083007812.5 43 0.9615384615384616 0.7777777777777778 0.75 0.5 1.0 
120 25997985839843.75 25 0.9 0.3333333333333333 0.0 0.75 1.0 
121 103997187500000.0 268 0.9895833333333334 0.9878048780487805 0.9215686274509803 0.8214285714285714 0.7 
122 51072827148437.5 21 1.0 0.6666666666666666 1.0 1.0 0.25 
123 173213222656250.0 308 0.96 0.9777777777777777 0.847457627118644 0.7291666666666666 0.8125 
124 4608048095703.125 17 1.0 0.8571428571428571 1.0 0.5 0.0 
125 65006171875000.0 20 1.0 1.0 0.3333333333333333 1.0 1.0 
126 27909360351562.5 32 0.9375 0.875 0.25 0.0 0.0 
127 153895703125000.0 101 0.9791666666666666 0.96 0.7142857142857143 0.8 1.0 
128 636518515625000.0 475 1.0 1.0 1.0 1.0 1.0 
129 11552069091796.875 43 0.7777777777777778 0.8461538461538461 0.25 0.16666666666666666 nan 
130 670723437500000.0 313 0.9841269841269841 0.9662921348314607 0.9827586206896551 0.9230769230769231 0.6 
131 58787001953125.0 189 0.9534883720930233 0.8611111111111112 0.6190476190476191 0.35555555555555557 0.2727272727272727 
132 221897539062500.0 91 0.98 0.96 0.8 0.5 0.0 
133 2154257049560.5469 4 nan nan 0.5 1.0 1.0 
134 168214199218750.0 80 0.9090909090909091 0.7894736842105263 0.9411764705882353 0.5 nan 
135 23013388671875.0 74 0.9375 0.9 0.9333333333333333 1.0 1.0 
136 18104320068359.375 10 1.0 1.0 nan nan nan 
137 26268269042968.75 115 0.96875 0.8461538461538461 0.7058823529411765 0.75 1.0 
139 288106289062500.0 114 0.9558823529411765 0.9130434782608695 0.9333333333333333 1.0 1.0 
140 64768315429687.5 48 0.8947368421052632 0.6666666666666666 0.75 1.0 nan 
141 20944460449218.75 85 0.8076923076923077 0.5238095238095238 0.75 0.0 0.25 
142 8707108764648.4375 42 0.75 0.8461538461538461 0.75 0.0 0.0 
143 144795625000000.0 204 1.0 0.9565217391304348 0.7931034482758621 0.3157894736842105 0.6875 
144 13502238769531.25 37 0.6666666666666666 0.42857142857142855 0.5 0.5 0.3333333333333333 
145 579187734375000.0 94 1.0 0.85 1.0 0.8 0.16666666666666666 
146 44527465820312.5 69 0.9655172413793104 0.9444444444444444 0.8333333333333334 0.8571428571428571 1.0 
147 705216093750000.0 141 0.9855072463768116 0.972972972972973 0.8947368421052632 0.9090909090909091 0.6666666666666666 
148 77432871093750.0 229 0.9714285714285714 0.9830508474576272 0.971830985915493 0.9583333333333334 1.0 
150 129410068359375.0 214 0.989247311827957 0.9636363636363636 0.975609756097561 0.95 1.0 
151 57184877929687.5 44 1.0 0.8333333333333334 0.8333333333333334 1.0 nan 
152 345155234375000.0 806 0.9596273291925466 0.9516908212560387 0.8666666666666667 0.8620689655172413 0.6721311475409836 
153 62621835937500.0 302 0.9868421052631579 0.967032967032967 0.9340659340659341 0.9444444444444444 0.75 
154 204437968750000.0 157 0.9428571428571428 0.9090909090909091 0.7931034482758621 0.8181818181818182 1.0 
155 2610054375000000.0 1445 1.0 1.0 1.0 1.0 1.0 
156 1340267333984.375 1 nan nan nan nan 0.0 
157 59980341796875.0 304 0.9420289855072463 0.9425287356321839 0.9104477611940298 0.7551020408163265 0.4230769230769231 
158 915777656250000.0 1423 1.0 0.9977324263038548 0.9871794871794872 0.975 1.0 
159 293173652343750.0 158 0.925 0.9230769230769231 0.88 0.926829268292683 0.8181818181818182 
160 16390898437500.0 74 0.9642857142857143 0.7916666666666666 0.45454545454545453 0.875 1.0 
161 259560273437500.0 432 1.0 1.0 1.0 0.9152542372881356 0.8888888888888888 
163 102865419921875.0 83 0.9583333333333334 0.9 0.8888888888888888 0.5909090909090909 0.5714285714285714 
164 80001430664062.5 32 0.7333333333333333 0.7692307692307693 0.6666666666666666 0.0 nan 
165 259992246093750.0 24 1.0 1.0 1.0 1.0 nan 
166 122003955078125.0 133 0.9848484848484849 0.9375 0.9444444444444444 0.45454545454545453 0.6666666666666666 
167 17846972656250.0 169 0.819672131147541 0.7959183673469388 0.5294117647058824 0.25 0.5 
168 1531343593750000.0 1574 0.9741602067183462 0.9605568445475638 0.863013698630137 0.7850467289719626 0.5476190476190477 
169 241739667968750.0 102 0.94 0.8333333333333334 0.9545454545454546 1.0 0.0 
170 24493161621093.75 30 1.0 1.0 0.875 0.25 0.0 
171 658393671875000.0 930 0.9821428571428571 0.9621621621621622 0.9516129032258065 0.8901734104046243 0.8125 
172 7908502807617.1875 20 1.0 0.8333333333333334 0.8 0.0 0.0 
173 3770215148925.7812 2 nan nan nan 0.0 1.0 
174 1248402734375000.0 1318 0.9979633401221996 0.9891304347826086 0.8836206896551724 0.7914691943127962 0.9438202247191011 
175 111280458984375.0 54 0.7727272727272727 0.7692307692307693 0.4 0.0 1.0 
176 13099237060546.875 80 0.8148148148148148 0.9285714285714286 0.625 0.6666666666666666 1.0 
177 23288632812500.0 19 1.0 1.0 1.0 0.75 nan 
178 4216526794433.5938 79 0.5 0.6666666666666666 0.6428571428571429 0.0 0.0 
179 64722416992187.5 44 0.9583333333333334 0.8888888888888888 0.8571428571428571 1.0 nan 
180 29786213378906.25 23 0.8181818181818182 0.5 0.0 0.0 0.5 
181 24723139648437.5 21 1.0 0.75 0.5 0.0 0.5 
182 22677360839843.75 15 1.0 1.0 1.0 1.0 nan 
183 1214862890625000.0 609 1.0 0.9939024390243902 0.9882352941176471 1.0 1.0 
184 6296179199218.75 21 0.5 0.25 0.0 0.0 0.0 
185 150069707031250.0 96 1.0 0.875 0.9285714285714286 0.9285714285714286 1.0 
186 1027461318969.7266 20 0.5 0.6666666666666666 0.0 0.0 nan 
187 588721640625000.0 412 0.9951456310679612 1.0 1.0 1.0 1.0 
188 55334897460937.5 53 0.9523809523809523 0.8461538461538461 0.6923076923076923 0.25 0.0 
189 172118496093750.0 62 1.0 0.9473684210526315 0.8333333333333334 0.0 0.0 
190 79546972656250.0 46 0.9375 1.0 1.0 nan 1.0 
191 441835468750000.0 737 1.0 0.995575221238938 0.9285714285714286 0.9420289855072463 1.0 
192 93516054687500.0 59 0.9565217391304348 0.9090909090909091 0.6666666666666666 0.7142857142857143 0.16666666666666666 
193 339748398437500.0 26 1.0 1.0 1.0 1.0 1.0 
194 20399720458984.375 46 0.625 0.6666666666666666 0.3333333333333333 0.0 0.0 
195 113047597656250.0 122 1.0 0.925 0.8947368421052632 0.5 0.0 
196 133823447265625.0 62 0.96875 0.7222222222222222 0.7142857142857143 0.6666666666666666 1.0 
197 80373188476562.5 148 1.0 0.9444444444444444 0.8518518518518519 0.8571428571428571 1.0 
198 123675156250000.0 123 0.9607843137254902 0.9032258064516129 0.8518518518518519 0.8181818181818182 0.6666666666666666 
199 64204843750000.0 12 0.5 nan 0.0 0.0 nan 
200 26040375976562.5 29 0.9333333333333333 1.0 0.6666666666666666 0.3333333333333333 1.0 
201 149162597656250.0 83 0.9523809523809523 1.0 0.9090909090909091 0.8333333333333334 1.0 
202 5930685424804.6875 26 1.0 0.8571428571428571 1.0 1.0 0.5 
203 614090937500000.0 304 0.990909090909091 0.9560439560439561 0.8545454545454545 0.8846153846153846 1.0 
204 45824794921875.0 23 1.0 1.0 1.0 1.0 nan 
205 83167431640625.0 63 0.9444444444444444 0.875 0.7857142857142857 0.75 0.0 
207 281175976562500.0 295 0.9504950495049505 0.7777777777777778 0.76 0.7222222222222222 0.7916666666666666 
208 158917392578125.0 51 1.0 1.0 0.8 1.0 nan 
209 230059804687500.0 417 0.984375 0.8974358974358975 0.8953488372093024 0.7272727272727273 0.5238095238095238 
210 126651845703125.0 231 0.9696969696969697 0.9565217391304348 0.8412698412698413 0.96 1.0 
213 908961029052.7344 2 nan nan nan 0.0 0.0 
214 148254521484375.0 22 1.0 1.0 1.0 0.0 nan 
215 5686947631835.9375 2 nan nan nan 1.0 nan 
216 676726406250000.0 120 0.9444444444444444 0.9375 0.9375 0.625 0.6666666666666666 
217 69154750976562.5 34 0.9 0.42857142857142855 0.75 0.5 0.0 
218 1152964218750000.0 854 1.0 0.9731800766283525 0.9904761904761905 0.9803921568627451 1.0 
220 99653632812500.0 113 1.0 0.9459459459459459 0.6774193548387096 0.7619047619047619 0.8571428571428571 
221 15884014892578.125 114 0.8837209302325582 0.96875 1.0 0.6666666666666666 0.6 
222 125175117187500.0 50 0.95 0.7692307692307693 0.375 0.16666666666666666 0.0 
223 141103916015625.0 128 0.9130434782608695 0.9487179487179487 0.85 0.7222222222222222 1.0 
224 8669664306640.625 33 0.8 0.8333333333333334 0.2 0.0 nan 
225 84824101562500.0 105 0.9811320754716981 0.96875 1.0 1.0 1.0 
226 81825429687500.0 44 0.9130434782608695 0.7777777777777778 0.7142857142857143 0.6666666666666666 1.0 
227 444316328125000.0 93 1.0 0.96 0.8571428571428571 0.9 1.0 
228 17601383056640.625 223 0.9090909090909091 0.8732394366197183 0.6 0.8571428571428571 1.0 
229 5386193847656.25 4 1.0 nan 0.0 0.5 nan 
230 167103300781250.0 102 1.0 1.0 0.8571428571428571 1.0 1.0 
231 69927597656250.0 94 0.9130434782608695 0.9444444444444444 0.8695652173913043 0.7272727272727273 0.5 
232 8138446044921.875 23 1.0 0.8888888888888888 1.0 0.0 1.0 
233 107884169921875.0 57 0.9230769230769231 0.8571428571428571 0.6923076923076923 0.0 1.0 
235 1791905625000000.0 1317 0.9983079526226735 0.9946666666666667 1.0 0.9722222222222222 0.9714285714285714 
236 17715933837890.625 25 0.3 0.4 0.3333333333333333 0.0 0.0 
237 321274628906250.0 321 0.9814814814814815 0.96 0.925 0.9333333333333333 1.0 
238 18370064697265.625 47 1.0 0.9333333333333333 0.9411764705882353 1.0 1.0 
239 495732578125000.0 417 0.9825581395348837 0.9479166666666666 0.918918918918919 0.7547169811320755 0.8947368421052632 
240 28573017578125.0 86 0.8536585365853658 0.7647058823529411 0.4375 0.0 0.16666666666666666 
242 48437426757812.5 30 0.9375 1.0 0.6666666666666666 1.0 nan 
243 131423066406250.0 197 1.0 0.9692307692307692 0.9428571428571428 0.8888888888888888 1.0 
244 43835698242187.5 100 0.9565217391304348 0.92 0.7083333333333334 0.3125 0.0 
245 1356138125000000.0 904 0.997979797979798 0.9813084112149533 0.9696969696969697 1.0 1.0 
246 391387890625000.0 240 0.9821428571428571 0.9701492537313433 0.9795918367346939 1.0 1.0 
247 45958481445312.5 19 1.0 0.4 0.5 nan nan 
248 10093764648437.5 6 0.75 0.0 nan 0.0 nan 
249 168325878906250.0 41 1.0 0.8888888888888888 0.7142857142857143 nan nan 
250 618826914062500.0 676 1.0 0.9951690821256038 0.9901960784313726 0.975 0.9230769230769231 
251 561743320312500.0 1254 0.997134670487106 0.9917355371900827 0.9478527607361963 0.9757575757575757 1.0 
252 48552382812500.0 21 1.0 0.75 0.6 0.5 nan 
253 58304218750000.0 54 0.9545454545454546 0.9 0.8888888888888888 0.5 0.75 
254 1662122187500000.0 629 0.9971910112359551 0.9605263157894737 0.8658536585365854 0.76 0.6428571428571429 
255 201586386718750.0 249 0.98989898989899 0.96 1.0 0.9111111111111111 1.0 
312 106069970703125.0 59 1.0 0.9565217391304348 1.0 1.0 nan 
330 73553017578125.0 108 0.9661016949152542 0.9473684210526315 0.7647058823529411 1.0 0.5 
351 5689197387695.3125 9 1.0 1.0 1.0 0.0 0.0 
352 25200454101562.5 24 1.0 1.0 0.5 nan nan 
353 10961105957031.25 20 0.6666666666666666 0.0 0.25 0.0 0.3333333333333333 
354 32711145019531.25 131 0.8023255813953488 0.7307692307692307 0.8571428571428571 0.16666666666666666 0.3333333333333333 
355 11205203857421.875 22 1.0 1.0 1.0 0.5 1.0 
356 7289202880859.375 34 1.0 0.8571428571428571 0.1111111111111111 0.25 1.0 
357 8742772827148.4375 22 1.0 1.0 0.0 0.0 0.0 
358 24521391601562.5 19 0.6 1.0 0.2857142857142857 0.0 0.0 
359 160040205078125.0 332 0.9811320754716981 0.8947368421052632 0.8823529411764706 0.8085106382978723 0.9791666666666666 
360 24749121093750.0 11 0.8333333333333334 0.6666666666666666 nan 0.0 nan 
361 33764865722656.25 14 1.0 1.0 0.0 0.0 0.0 
362 17215562744140.625 49 0.7692307692307693 0.6666666666666666 0.75 0.5454545454545454 1.0 
363 24295085449218.75 13 1.0 1.0 0.0 0.0 nan 
364 29381979980468.75 53 0.7333333333333333 0.631578947368421 0.36363636363636365 0.0 0.6666666666666666 
365 20011450195312.5 12 0.6666666666666666 0.6666666666666666 0.3333333333333333 1.0 0.0 
366 88326875000000.0 146 0.896551724137931 0.9 0.75 0.6190476190476191 0.18181818181818182 
367 22769833984375.0 38 0.8888888888888888 0.9285714285714286 1.0 0.0 nan 
368 25604455566406.25 16 1.0 nan 1.0 1.0 1.0 
369 29957741699218.75 15 0.5 0.6 0.3333333333333333 1.0 nan 
370 244462128906250.0 98 1.0 1.0 1.0 1.0 1.0 
371 30085646972656.25 19 1.0 1.0 nan nan 1.0 
372 10353853759765.625 6 1.0 0.0 1.0 1.0 1.0 
373 9815801391601.562 59 0.85 0.8 0.2727272727272727 0.07692307692307693 0.3333333333333333 
374 255758750000000.0 166 0.9622641509433962 0.9807692307692307 1.0 1.0 1.0 
375 24745581054687.5 28 1.0 1.0 0.2 0.0 1.0 
376 7288394165039.0625 22 0.6666666666666666 0.6666666666666666 0.9 1.0 nan 
377 16065122070312.5 23 0.75 0.3333333333333333 0.0 0.0 1.0 
378 14516639404296.875 57 0.44 0.3333333333333333 0.42857142857142855 0.0 0.0 
379 21018552246093.75 11 1.0 1.0 0.0 nan nan 
380 12172978515625.0 30 1.0 1.0 1.0 0.5 1.0 
381 28134724121093.75 27 0.9230769230769231 0.3333333333333333 0.4 1.0 1.0 
382 245363710937500.0 209 1.0 1.0 1.0 1.0 1.0 
383 22248649902343.75 10 1.0 0.3333333333333333 0.0 0.0 1.0 
384 7131677246093.75 4 nan nan 0.0 0.0 nan 
385 599517265625000.0 332 0.951048951048951 0.8717948717948718 0.6909090909090909 0.7560975609756098 0.9090909090909091 
386 1461231079101.5625 1 nan nan 1.0 nan nan 
387 1504110781250000.0 1828 0.998046875 0.9846153846153847 0.9571788413098237 0.9389067524115756 0.860655737704918 
388 13110510253906.25 34 1.0 1.0 1.0 0.8 1.0 
389 87019873046875.0 47 0.8888888888888888 0.8461538461538461 0.9 0.7272727272727273 0.6666666666666666 
390 9985094604492.188 5 nan 0.0 nan 0.0 nan 
391 4331434631347.6562 17 0.6 0.5 0.75 0.5 nan 
392 30590549316406.25 48 1.0 0.8181818181818182 0.6666666666666666 0.6666666666666666 0.0 
393 3040118713378.9062 7 0.25 nan 0.0 nan nan 
394 60058647460937.5 14 1.0 0.3333333333333333 0.0 nan nan 
395 26514943847656.25 8 0.0 0.5 0.0 0.0 nan 
396 24113334960937.5 39 1.0 0.7 0.75 1.0 0.0 
397 4905227050781.25 5 0.0 1.0 nan 0.5 0.0 
398 44252866210937.5 78 1.0 1.0 0.9333333333333333 1.0 1.0 
399 26055285644531.25 70 0.84 0.7586206896551724 0.5 0.0 0.0 
400 21005659179687.5 25 1.0 0.8333333333333334 0.6666666666666666 0.0 1.0 
402 10248748779296.875 21 0.5384615384615384 0.2 0.0 nan 0.0 
403 16305258789062.5 50 1.0 0.4 0.4166666666666667 0.42857142857142855 0.14285714285714285 
404 31052841796875.0 50 0.5789473684210527 0.625 0.2857142857142857 0.0 0.5 
405 20648911132812.5 100 0.8717948717948718 0.84375 0.5555555555555556 0.9 1.0 
406 17808074951171.875 32 0.9166666666666666 0.7692307692307693 0.6 1.0 nan 
407 9891765747070.312 60 0.8571428571428571 0.8461538461538461 0.8571428571428571 1.0 nan 
408 119439902343750.0 58 0.9375 0.782608695652174 0.5714285714285714 0.6666666666666666 0.0 
409 1935828094482.4219 4 1.0 0.0 nan 0.0 nan 
410 34931154785156.25 15 0.8571428571428571 0.8 0.0 nan 0.0 
411 61501132812500.0 31 1.0 1.0 0.75 0.4 0.3333333333333333 
412 1461858281250000.0 584 0.9764150943396226 0.9622641509433962 0.8620689655172413 0.9411764705882353 0.782608695652174 
413 276639648437500.0 119 0.9782608695652174 1.0 0.8888888888888888 1.0 1.0 
414 27957199707031.25 50 0.8333333333333334 0.8888888888888888 0.7777777777777778 0.4 0.08333333333333333 
415 291053789062500.0 705 0.9668508287292817 0.9482758620689655 0.9300699300699301 0.8074074074074075 0.7192982456140351 
416 357379531250000.0 30 1.0 0.75 1.0 1.0 1.0 
417 64469848632812.5 69 1.0 1.0 1.0 1.0 1.0 
418 153365009765625.0 100 1.0 1.0 0.9545454545454546 0.7272727272727273 1.0 
419 5613694458007.8125 7 1.0 0.5 0.3333333333333333 nan nan 
420 94576083984375.0 61 1.0 1.0 1.0 1.0 1.0 
421 2807923889160.1562 12 1.0 1.0 0.25 0.0 1.0 
422 66494482421875.0 33 0.9 0.6363636363636364 0.5 0.0 nan 
423 67479033203125.0 70 1.0 0.92 1.0 1.0 nan 
424 30530986328125.0 74 0.875 0.9047619047619048 0.85 0.8 1.0 
425 1749382187500000.0 904 0.9909638554216867 0.9822222222222222 0.9361702127659575 0.8857142857142857 0.8536585365853658 
426 42212622070312.5 19 1.0 0.75 1.0 nan 0.6666666666666666 
427 1615031562500000.0 342 1.0 1.0 1.0 0.9824561403508771 1.0 
428 210907441406250.0 308 1.0 0.9764705882352941 0.9387755102040817 0.9 0.8 
429 135955341796875.0 73 1.0 0.9655172413793104 1.0 0.8333333333333334 1.0 
430 20957548828125.0 27 0.8888888888888888 1.0 0.6 0.0 1.0 
431 4869086608886.719 23 1.0 0.75 0.75 0.0 1.0 
432 34709401855468.75 52 1.0 0.8333333333333334 0.8333333333333334 0.75 0.0 
434 36719355468750.0 21 0.5 1.0 1.0 0.6666666666666666 0.0 
435 19368953857421.875 32 1.0 0.75 0.5 0.5 1.0 
436 88274570312500.0 19 1.0 1.0 1.0 1.0 0.0 
437 88862568359375.0 70 0.9259259259259259 0.76 0.8 0.4 1.0 
438 5878142700195.3125 9 1.0 1.0 1.0 1.0 nan 
439 30127668457031.25 9 0.8 0.0 0.5 nan 1.0 
440 53078945312500.0 19 1.0 1.0 1.0 nan nan 
441 86079101562500.0 154 0.9838709677419355 1.0 0.9032258064516129 0.875 1.0 
442 37262270507812.5 10 1.0 1.0 0.5 nan 0.0 
443 3436906433105.4688 2 1.0 nan nan nan nan 
444 56603120117187.5 74 0.972972972972973 0.8260869565217391 0.8 0.6666666666666666 1.0 
445 118605468750000.0 294 0.9880952380952381 0.9487179487179487 0.7564102564102564 0.675 1.0 
447 6282348632812.5 41 0.9565217391304348 0.8888888888888888 0.5 1.0 1.0 
448 20031572265625.0 235 0.8925619834710744 0.9066666666666666 0.7272727272727273 0.6363636363636364 0.25 
449 227122910156250.0 723 0.9953271028037384 0.9710982658959537 0.8356164383561644 0.7950819672131147 0.5490196078431373 
450 22683115234375.0 5 0.0 nan 1.0 0.0 nan 
451 10972076416015.625 21 0.6666666666666666 0.625 0.3333333333333333 0.5 0.0 
452 217804003906250.0 47 0.9090909090909091 1.0 0.875 0.75 0.8888888888888888 
454 41885605468750.0 70 0.8666666666666667 0.8421052631578947 0.7142857142857143 0.42857142857142855 0.16666666666666666 
455 44619155273437.5 17 1.0 0.4 0.0 0.3333333333333333 0.0 
456 253139218750000.0 39 1.0 1.0 1.0 1.0 1.0 
457 53412578125000.0 51 0.7647058823529411 1.0 0.7333333333333333 0.42857142857142855 0.5 
458 21499104003906.25 49 0.8666666666666667 1.0 0.7142857142857143 1.0 0.75 
459 34624094238281.25 34 1.0 0.7368421052631579 0.8 0.6666666666666666 nan 
460 46060341796875.0 24 1.0 0.8 0.6666666666666666 0.25 0.0 
461 13260872802734.375 21 0.9230769230769231 0.3333333333333333 1.0 0.0 0.0 
462 130184355468750.0 39 0.8333333333333334 0.9 0.5555555555555556 0.5 0.25 
463 10759650878906.25 8 nan 0.6666666666666666 1.0 0.5 nan 
464 1543748750000000.0 1238 0.9906976744186047 0.9775910364145658 0.9407894736842105 0.9242424242424242 0.9411764705882353 
465 60841918945312.5 57 1.0 1.0 1.0 1.0 0.5 
466 3524932250976.5625 12 1.0 1.0 0.0 1.0 nan 
467 6384449462890.625 2 nan nan nan 0.0 0.0 
468 30885354003906.25 3 0.0 nan nan nan nan 
469 17154525146484.375 17 0.8333333333333334 0.0 1.0 0.0 1.0 
470 44199028320312.5 66 1.0 1.0 1.0 0.5555555555555556 0.7 
471 10405080566406.25 35 0.9166666666666666 0.9166666666666666 0.6666666666666666 0.5 nan 
472 36797563476562.5 28 0.8823529411764706 1.0 1.0 1.0 1.0 
473 11654105224609.375 7 0.0 0.0 0.0 nan 0.0 
474 23892861328125.0 11 nan 0.8 1.0 1.0 0.0 
475 643428593750000.0 596 0.9732824427480916 0.9281767955801105 0.9916666666666667 0.9090909090909091 0.875 
476 7966046142578.125 2 nan 0.0 nan 0.0 nan 
477 14128135986328.125 32 1.0 0.5 0.5 0.0 0.0 
478 21235087890625.0 27 1.0 0.8888888888888888 0.3333333333333333 0.25 nan 
479 347714726562500.0 975 0.9808743169398907 0.9671532846715328 0.9251336898395722 0.875 1.0 
480 26045883789062.5 22 0.8 1.0 1.0 1.0 nan 
481 137983847656250.0 29 0.5 0.4166666666666667 0.4 0.25 0.0 
482 718827734375000.0 446 0.9586206896551724 0.8907563025210085 0.8556701030927835 0.6111111111111112 0.5 
483 21636350097656.25 2 1.0 nan nan 1.0 nan 
484 27662839355468.75 5 1.0 1.0 nan nan nan 
485 308482128906250.0 886 0.9886039886039886 0.9757085020242915 0.9570552147239264 0.9186046511627907 0.9 
486 2624809062500000.0 771 0.9922480620155039 0.9723502304147466 0.9663865546218487 0.92 0.6470588235294118 
487 374684960937500.0 149 0.9583333333333334 0.7777777777777778 0.8125 0.7142857142857143 0.6666666666666666 
488 12877701416015.625 16 1.0 0.4 0.5 0.0 1.0 
489 27129645996093.75 20 1.0 1.0 1.0 0.6666666666666666 0.0 
490 49847119140625.0 67 0.8947368421052632 0.9166666666666666 0.4 0.2 0.7333333333333333 
491 21821843261718.75 17 0.8571428571428571 0.6 0.75 nan 0.0 
492 19659552001953.125 47 0.7142857142857143 0.1111111111111111 0.0 0.09090909090909091 0.5 
493 23131791992187.5 13 1.0 0.6666666666666666 1.0 0.5 1.0 
494 16400635986328.125 10 1.0 1.0 0.6666666666666666 1.0 nan 
495 86191328125000.0 70 0.7619047619047619 0.8636363636363636 0.6923076923076923 0.3 0.5 
496 6612980346679.6875 10 0.4 0.5 0.0 1.0 nan 
497 39670249023437.5 28 1.0 0.75 0.6 0.0 1.0 
498 153485283203125.0 187 1.0 0.9545454545454546 0.9259259259259259 0.9375 0.6363636363636364 
499 9355907592773.438 8 0.75 0.0 nan nan nan 
500 10084321289062.5 5 1.0 0.0 0.0 1.0 nan 
501 17770979003906.25 17 1.0 0.6666666666666666 0.6666666666666666 0.6666666666666666 1.0 
502 84965605468750.0 73 0.975 0.9473684210526315 1.0 1.0 1.0 
503 22097978515625.0 12 1.0 0.5 1.0 nan 0.0 
504 29347480468750.0 33 1.0 1.0 1.0 1.0 nan 
505 21799758300781.25 9 1.0 0.0 0.6666666666666666 1.0 0.0 
506 8613192749023.4375 5 1.0 nan 0.5 nan 1.0 
507 12384837646484.375 17 0.8 0.6666666666666666 0.16666666666666666 0.0 0.0 
508 13751212158203.125 12 0.75 1.0 0.0 0.25 0.0 
509 65785874023437.5 48 0.9545454545454546 0.75 1.0 1.0 nan 
510 199658613281250.0 97 1.0 1.0 1.0 1.0 nan